  0.3410E-04  0.2467E+05 -0.7558E+04 -0.1311E+04
  0.6820E-04  0.2216E+05 -0.6879E+04 -0.1215E+04
  0.1023E-03  0.1810E+05 -0.5886E+04 -0.1185E+04
  0.1364E-03  0.1490E+05 -0.4910E+04 -0.1099E+04
  0.1705E-03  0.1258E+05 -0.4197E+04 -0.1060E+04
  0.2046E-03  0.1094E+05 -0.3693E+04 -0.1056E+04
  0.2387E-03  0.9781E+04 -0.3357E+04 -0.1089E+04
  0.2728E-03  0.9008E+04 -0.3149E+04 -0.1139E+04
  0.3069E-03  0.8526E+04 -0.3038E+04 -0.1197E+04
  0.3410E-03  0.8347E+04 -0.3062E+04 -0.1264E+04
  0.3751E-03  0.8244E+04 -0.3067E+04 -0.1334E+04
  0.4092E-03  0.9217E+04 -0.3658E+04 -0.1641E+04
  0.4433E-03  0.9300E+04 -0.3729E+04 -0.1713E+04
  0.4774E-03  0.9446E+04 -0.3827E+04 -0.1784E+04
  0.5115E-03  0.9638E+04 -0.3972E+04 -0.1849E+04
  0.5456E-03  0.9853E+04 -0.4099E+04 -0.1909E+04
  0.5797E-03  0.1210E+05 -0.4826E+04 -0.2731E+04
  0.6138E-03  0.1202E+05 -0.4830E+04 -0.2730E+04
  0.6479E-03  0.1200E+05 -0.4861E+04 -0.2729E+04
  0.6820E-03  0.1202E+05 -0.4912E+04 -0.2725E+04
  0.7161E-03  0.1206E+05 -0.4975E+04 -0.2717E+04
  0.7502E-03  0.1212E+05 -0.5044E+04 -0.2704E+04
  0.7843E-03  0.1222E+05 -0.5204E+04 -0.2682E+04
  0.8184E-03  0.1226E+05 -0.5275E+04 -0.2655E+04
  0.8525E-03  0.1228E+05 -0.5327E+04 -0.2623E+04
  0.8866E-03  0.1232E+05 -0.5444E+04 -0.2578E+04
  0.9207E-03  0.1230E+05 -0.5475E+04 -0.2529E+04
  0.9548E-03  0.1225E+05 -0.5499E+04 -0.2471E+04
  0.9889E-03  0.1218E+05 -0.5516E+04 -0.2404E+04
  0.1023E-02  0.1209E+05 -0.5523E+04 -0.2328E+04
  0.1057E-02  0.1807E+05 -0.7088E+04 -0.4119E+04
  0.1091E-02  0.1836E+05 -0.7033E+04 -0.4236E+04
  0.1125E-02  0.1713E+05 -0.6636E+04 -0.3984E+04
  0.1159E-02  0.1608E+05 -0.6314E+04 -0.3745E+04
  0.1193E-02  0.1524E+05 -0.6067E+04 -0.3522E+04
  0.1228E-02  0.1455E+05 -0.5878E+04 -0.3314E+04
  0.1262E-02  0.1397E+05 -0.5733E+04 -0.3119E+04
  0.1296E-02  0.1349E+05 -0.5623E+04 -0.2935E+04
  0.1330E-02  0.1307E+05 -0.5540E+04 -0.2763E+04
  0.1364E-02  0.1272E+05 -0.5479E+04 -0.2601E+04
  0.1398E-02  0.1240E+05 -0.5434E+04 -0.2449E+04
  0.1432E-02  0.1297E+05 -0.5451E+04 -0.2485E+04
  0.1466E-02  0.1314E+05 -0.5319E+04 -0.2032E+04
  0.1500E-02  0.1320E+05 -0.4478E+04 -0.2121E+04
  0.1534E-02  0.1330E+05 -0.4626E+04 -0.2180E+04
  0.1569E-02  0.1334E+05 -0.4732E+04 -0.2229E+04
  0.1603E-02  0.1338E+05 -0.4829E+04 -0.2277E+04
  0.1637E-02  0.1343E+05 -0.4920E+04 -0.2325E+04
  0.1671E-02  0.1349E+05 -0.5008E+04 -0.2372E+04
  0.1705E-02  0.1355E+05 -0.5092E+04 -0.2421E+04
  0.1739E-02  0.1362E+05 -0.5177E+04 -0.2470E+04
  0.1773E-02  0.1371E+05 -0.5262E+04 -0.2520E+04
  0.1807E-02  0.1380E+05 -0.5347E+04 -0.2570E+04
  0.1841E-02  0.1390E+05 -0.5433E+04 -0.2620E+04
  0.1875E-02  0.1400E+05 -0.5519E+04 -0.2670E+04
  0.1910E-02  0.1412E+05 -0.5606E+04 -0.2720E+04
  0.1944E-02  0.1424E+05 -0.5692E+04 -0.2768E+04
  0.1978E-02  0.1611E+05 -0.6935E+04 -0.3181E+04
  0.2012E-02  0.1658E+05 -0.6720E+04 -0.3795E+04
  0.2046E-02  0.1826E+05 -0.8176E+04 -0.4213E+04
  0.2080E-02  0.1808E+05 -0.8037E+04 -0.4093E+04
  0.2114E-02  0.1794E+05 -0.7918E+04 -0.3993E+04
  0.2148E-02  0.1784E+05 -0.7837E+04 -0.3912E+04
  0.2182E-02  0.1778E+05 -0.7782E+04 -0.3838E+04
  0.2216E-02  0.1775E+05 -0.7750E+04 -0.3768E+04
  0.2251E-02  0.1778E+05 -0.7782E+04 -0.3717E+04
  0.2285E-02  0.1776E+05 -0.7770E+04 -0.3649E+04
  0.2319E-02  0.1779E+05 -0.7892E+04 -0.3439E+04
  0.2353E-02  0.1791E+05 -0.8042E+04 -0.3398E+04
  0.2387E-02  0.1787E+05 -0.8021E+04 -0.3331E+04
  0.2421E-02  0.1780E+05 -0.8005E+04 -0.3242E+04
  0.2455E-02  0.1772E+05 -0.7981E+04 -0.3145E+04
  0.2489E-02  0.1764E+05 -0.7956E+04 -0.3040E+04
  0.2523E-02  0.2013E+05 -0.9843E+04 -0.2984E+04
  0.2557E-02  0.2292E+05 -0.1041E+05 -0.4345E+04
  0.2592E-02  0.2252E+05 -0.9605E+04 -0.4569E+04
  0.2626E-02  0.2182E+05 -0.9003E+04 -0.4212E+04
  0.2660E-02  0.2107E+05 -0.8593E+04 -0.3805E+04
  0.2694E-02  0.2039E+05 -0.8214E+04 -0.3455E+04
  0.2728E-02  0.1980E+05 -0.7933E+04 -0.3107E+04
  0.2762E-02  0.1931E+05 -0.7728E+04 -0.2794E+04
  0.2796E-02  0.1887E+05 -0.7595E+04 -0.2510E+04
  0.2830E-02  0.1849E+05 -0.7488E+04 -0.2241E+04
  0.2864E-02  0.1815E+05 -0.7412E+04 -0.1992E+04
  0.2898E-02  0.1783E+05 -0.7358E+04 -0.1760E+04
  0.2933E-02  0.1751E+05 -0.7257E+04 -0.1531E+04
  0.2967E-02  0.1713E+05 -0.7393E+04 -0.1340E+04
  0.3001E-02  0.1687E+05 -0.7359E+04 -0.1149E+04
  0.3035E-02  0.1662E+05 -0.7332E+04 -0.9720E+03
  0.3069E-02  0.2058E+05 -0.6568E+04 -0.2174E+04
  0.3103E-02  0.1949E+05 -0.6679E+04 -0.2312E+04
  0.3137E-02  0.1850E+05 -0.6658E+04 -0.2509E+04
  0.3171E-02  0.1775E+05 -0.6721E+04 -0.2487E+04
  0.3205E-02  0.1724E+05 -0.6788E+04 -0.2475E+04
  0.3239E-02  0.1684E+05 -0.6847E+04 -0.2458E+04
  0.3273E-02  0.1652E+05 -0.6898E+04 -0.2432E+04
  0.3308E-02  0.1627E+05 -0.6954E+04 -0.2402E+04
  0.3342E-02  0.1606E+05 -0.6999E+04 -0.2372E+04
  0.3376E-02  0.1590E+05 -0.7077E+04 -0.2375E+04
  0.3410E-02  0.1710E+05 -0.8466E+04 -0.2289E+04
  0.3444E-02  0.1726E+05 -0.8506E+04 -0.2669E+04
  0.3478E-02  0.1711E+05 -0.8193E+04 -0.2980E+04
  0.3512E-02  0.1708E+05 -0.7639E+04 -0.3127E+04
  0.3546E-02  0.1924E+05 -0.6333E+04 -0.3460E+04
  0.3580E-02  0.1978E+05 -0.6302E+04 -0.3673E+04
  0.3614E-02  0.2040E+05 -0.6358E+04 -0.3862E+04
  0.3649E-02  0.1940E+05 -0.6556E+04 -0.4040E+04
  0.3683E-02  0.2117E+05 -0.8898E+04 -0.4235E+04
  0.3717E-02  0.2146E+05 -0.9189E+04 -0.5031E+04
  0.3751E-02  0.2099E+05 -0.9088E+04 -0.5094E+04
  0.3785E-02  0.2064E+05 -0.8998E+04 -0.5157E+04
  0.3819E-02  0.2038E+05 -0.8930E+04 -0.5203E+04
  0.3853E-02  0.2017E+05 -0.8875E+04 -0.5250E+04
  0.3887E-02  0.1939E+05 -0.8840E+04 -0.5500E+04
  0.3921E-02  0.1944E+05 -0.8863E+04 -0.5517E+04
  0.3955E-02  0.1990E+05 -0.9470E+04 -0.5470E+04
  0.3990E-02  0.1989E+05 -0.9329E+04 -0.5765E+04
  0.4024E-02  0.2385E+05 -0.1280E+05 -0.6554E+04
  0.4058E-02  0.2439E+05 -0.1253E+05 -0.7388E+04
  0.4092E-02  0.2378E+05 -0.1172E+05 -0.7584E+04
  0.4126E-02  0.2333E+05 -0.1114E+05 -0.7704E+04
  0.4160E-02  0.2289E+05 -0.1065E+05 -0.7728E+04
  0.4194E-02  0.2241E+05 -0.1028E+05 -0.7663E+04
  0.4228E-02  0.2213E+05 -0.1015E+05 -0.7650E+04
  0.4262E-02  0.2180E+05 -0.9984E+04 -0.7649E+04
  0.4296E-02  0.2152E+05 -0.9892E+04 -0.7672E+04
  0.4331E-02  0.2126E+05 -0.9861E+04 -0.7714E+04
  0.4365E-02  0.2103E+05 -0.9892E+04 -0.7772E+04
  0.4399E-02  0.2080E+05 -0.9934E+04 -0.7838E+04
  0.4433E-02  0.2057E+05 -0.9975E+04 -0.7912E+04
  0.4467E-02  0.2033E+05 -0.1005E+05 -0.7992E+04
  0.4501E-02  0.2040E+05 -0.1049E+05 -0.8033E+04
  0.4535E-02  0.2016E+05 -0.1055E+05 -0.8170E+04
  0.4569E-02  0.1959E+05 -0.1057E+05 -0.8345E+04
  0.4603E-02  0.1954E+05 -0.1061E+05 -0.8624E+04
  0.4637E-02  0.1914E+05 -0.1065E+05 -0.8725E+04
  0.4672E-02  0.1896E+05 -0.1068E+05 -0.8857E+04
  0.4706E-02  0.1927E+05 -0.1037E+05 -0.9248E+04
  0.4740E-02  0.2013E+05 -0.9665E+04 -0.9488E+04
  0.4774E-02  0.2179E+05 -0.9259E+04 -0.9727E+04
  0.4808E-02  0.2203E+05 -0.9352E+04 -0.9939E+04
  0.4842E-02  0.2318E+05 -0.9093E+04 -0.9973E+04
  0.4876E-02  0.2209E+05 -0.9398E+04 -0.1020E+05
  0.4910E-02  0.2369E+05 -0.1144E+05 -0.1078E+05
  0.4944E-02  0.2357E+05 -0.1117E+05 -0.1094E+05
  0.4978E-02  0.2325E+05 -0.1078E+05 -0.1108E+05
  0.5013E-02  0.2247E+05 -0.1055E+05 -0.1115E+05
  0.5047E-02  0.2187E+05 -0.1048E+05 -0.1126E+05
  0.5081E-02  0.2120E+05 -0.1034E+05 -0.1127E+05
  0.5115E-02  0.2080E+05 -0.1001E+05 -0.1124E+05
  0.5149E-02  0.2043E+05 -0.9998E+04 -0.1110E+05
  0.5183E-02  0.2031E+05 -0.9996E+04 -0.1116E+05
  0.5217E-02  0.2021E+05 -0.1002E+05 -0.1117E+05
  0.5251E-02  0.2021E+05 -0.9966E+04 -0.1128E+05
  0.5285E-02  0.2120E+05 -0.1093E+05 -0.1129E+05
  0.5319E-02  0.2384E+05 -0.1327E+05 -0.1190E+05
  0.5354E-02  0.2448E+05 -0.1316E+05 -0.1243E+05
  0.5388E-02  0.2399E+05 -0.1270E+05 -0.1261E+05
  0.5422E-02  0.2340E+05 -0.1220E+05 -0.1264E+05
  0.5456E-02  0.2291E+05 -0.1180E+05 -0.1269E+05
  0.5490E-02  0.2658E+05 -0.1445E+05 -0.1438E+05
  0.5524E-02  0.2611E+05 -0.1367E+05 -0.1446E+05
  0.5558E-02  0.2588E+05 -0.1287E+05 -0.1483E+05
  0.5592E-02  0.2533E+05 -0.1205E+05 -0.1479E+05
  0.5626E-02  0.2480E+05 -0.1143E+05 -0.1473E+05
  0.5660E-02  0.2431E+05 -0.1099E+05 -0.1468E+05
  0.5695E-02  0.2393E+05 -0.1067E+05 -0.1468E+05
  0.5729E-02  0.2370E+05 -0.1048E+05 -0.1465E+05
  0.5763E-02  0.2407E+05 -0.1018E+05 -0.1522E+05
  0.5797E-02  0.2439E+05 -0.9996E+04 -0.1517E+05
  0.5831E-02  0.2466E+05 -0.9898E+04 -0.1512E+05
  0.5865E-02  0.2509E+05 -0.9682E+04 -0.1502E+05
  0.5899E-02  0.2544E+05 -0.1077E+05 -0.1492E+05
  0.5933E-02  0.2508E+05 -0.1071E+05 -0.1499E+05
  0.5967E-02  0.2482E+05 -0.1071E+05 -0.1509E+05
  0.6001E-02  0.2448E+05 -0.1066E+05 -0.1509E+05
  0.6036E-02  0.2404E+05 -0.1057E+05 -0.1499E+05
  0.6070E-02  0.2376E+05 -0.1061E+05 -0.1504E+05
  0.6104E-02  0.2349E+05 -0.1064E+05 -0.1507E+05
  0.6138E-02  0.2375E+05 -0.1048E+05 -0.1516E+05
  0.6172E-02  0.2412E+05 -0.1029E+05 -0.1501E+05
  0.6206E-02  0.2706E+05 -0.1126E+05 -0.1497E+05
  0.6240E-02  0.2765E+05 -0.1126E+05 -0.1501E+05
  0.6274E-02  0.2766E+05 -0.1101E+05 -0.1499E+05
  0.6308E-02  0.2928E+05 -0.1006E+05 -0.1469E+05
  0.6342E-02  0.2887E+05 -0.1016E+05 -0.1450E+05
  0.6376E-02  0.2797E+05 -0.1027E+05 -0.1432E+05
  0.6411E-02  0.2719E+05 -0.1042E+05 -0.1418E+05
  0.6445E-02  0.2654E+05 -0.1026E+05 -0.1405E+05
  0.6479E-02  0.2597E+05 -0.1043E+05 -0.1394E+05
  0.6513E-02  0.2548E+05 -0.1059E+05 -0.1384E+05
  0.6547E-02  0.2503E+05 -0.1071E+05 -0.1373E+05
  0.6581E-02  0.2484E+05 -0.1072E+05 -0.1371E+05
  0.6615E-02  0.2495E+05 -0.1049E+05 -0.1381E+05
  0.6649E-02  0.2574E+05 -0.1055E+05 -0.1372E+05
  0.6683E-02  0.2632E+05 -0.1118E+05 -0.1295E+05
  0.6717E-02  0.2578E+05 -0.1109E+05 -0.1298E+05
  0.6752E-02  0.2537E+05 -0.1105E+05 -0.1303E+05
  0.6786E-02  0.2523E+05 -0.1119E+05 -0.1325E+05
  0.6820E-02  0.2494E+05 -0.1109E+05 -0.1332E+05
  0.6854E-02  0.2471E+05 -0.1100E+05 -0.1340E+05
  0.6888E-02  0.2450E+05 -0.1091E+05 -0.1349E+05
  0.6922E-02  0.2430E+05 -0.1083E+05 -0.1357E+05
  0.6956E-02  0.2746E+05 -0.1474E+05 -0.1391E+05
  0.6990E-02  0.2755E+05 -0.1449E+05 -0.1438E+05
  0.7024E-02  0.2708E+05 -0.1387E+05 -0.1470E+05
  0.7058E-02  0.2662E+05 -0.1324E+05 -0.1486E+05
  0.7093E-02  0.2817E+05 -0.1362E+05 -0.1614E+05
  0.7127E-02  0.2916E+05 -0.1393E+05 -0.1670E+05
  0.7161E-02  0.2972E+05 -0.1354E+05 -0.1729E+05
  0.7195E-02  0.2986E+05 -0.1289E+05 -0.1745E+05
  0.7229E-02  0.3074E+05 -0.1249E+05 -0.1792E+05
  0.7263E-02  0.3066E+05 -0.1207E+05 -0.1783E+05
  0.7297E-02  0.3044E+05 -0.1184E+05 -0.1758E+05
  0.7331E-02  0.3021E+05 -0.1189E+05 -0.1728E+05
  0.7365E-02  0.3036E+05 -0.1223E+05 -0.1720E+05
  0.7399E-02  0.3015E+05 -0.1223E+05 -0.1710E+05
  0.7434E-02  0.3104E+05 -0.1342E+05 -0.1701E+05
  0.7468E-02  0.3155E+05 -0.1401E+05 -0.1742E+05
  0.7502E-02  0.3129E+05 -0.1380E+05 -0.1741E+05
  0.7536E-02  0.3106E+05 -0.1370E+05 -0.1742E+05
  0.7570E-02  0.3086E+05 -0.1355E+05 -0.1720E+05
  0.7604E-02  0.3084E+05 -0.1369E+05 -0.1689E+05
  0.7638E-02  0.3082E+05 -0.1379E+05 -0.1677E+05
  0.7672E-02  0.3171E+05 -0.1395E+05 -0.1674E+05
  0.7706E-02  0.3254E+05 -0.1344E+05 -0.1664E+05
  0.7740E-02  0.3334E+05 -0.1328E+05 -0.1697E+05
  0.7775E-02  0.3322E+05 -0.1327E+05 -0.1702E+05
  0.7809E-02  0.3342E+05 -0.1326E+05 -0.1706E+05
  0.7843E-02  0.3289E+05 -0.1263E+05 -0.1711E+05
  0.7877E-02  0.3371E+05 -0.1228E+05 -0.1746E+05
  0.7911E-02  0.3356E+05 -0.1228E+05 -0.1728E+05
  0.7945E-02  0.3296E+05 -0.1246E+05 -0.1697E+05
  0.7979E-02  0.3261E+05 -0.1282E+05 -0.1669E+05
  0.8013E-02  0.3216E+05 -0.1282E+05 -0.1652E+05
  0.8047E-02  0.3160E+05 -0.1303E+05 -0.1640E+05
  0.8081E-02  0.3119E+05 -0.1314E+05 -0.1635E+05
  0.8116E-02  0.3081E+05 -0.1324E+05 -0.1629E+05
  0.8150E-02  0.3043E+05 -0.1328E+05 -0.1621E+05
  0.8184E-02  0.3011E+05 -0.1339E+05 -0.1619E+05
  0.8218E-02  0.2969E+05 -0.1344E+05 -0.1606E+05
  0.8252E-02  0.3049E+05 -0.1300E+05 -0.1649E+05
  0.8286E-02  0.3058E+05 -0.1276E+05 -0.1657E+05
  0.8320E-02  0.3099E+05 -0.1260E+05 -0.1672E+05
  0.8354E-02  0.2978E+05 -0.1256E+05 -0.1699E+05
  0.8388E-02  0.2893E+05 -0.1257E+05 -0.1716E+05
  0.8422E-02  0.2828E+05 -0.1256E+05 -0.1728E+05
  0.8457E-02  0.2797E+05 -0.1256E+05 -0.1717E+05
  0.8491E-02  0.2726E+05 -0.1286E+05 -0.1644E+05
  0.8525E-02  0.2720E+05 -0.1302E+05 -0.1683E+05
  0.8559E-02  0.2759E+05 -0.1317E+05 -0.1676E+05
  0.8593E-02  0.2736E+05 -0.1276E+05 -0.1671E+05
  0.8627E-02  0.2732E+05 -0.1261E+05 -0.1694E+05
  0.8661E-02  0.2701E+05 -0.1226E+05 -0.1688E+05
  0.8695E-02  0.2966E+05 -0.1612E+05 -0.1694E+05
  0.8729E-02  0.3016E+05 -0.1521E+05 -0.1760E+05
  0.8763E-02  0.3026E+05 -0.1392E+05 -0.1708E+05
  0.8798E-02  0.3216E+05 -0.1288E+05 -0.1679E+05
  0.8832E-02  0.3319E+05 -0.1366E+05 -0.1731E+05
  0.8866E-02  0.3423E+05 -0.1370E+05 -0.1713E+05
  0.8900E-02  0.3421E+05 -0.1349E+05 -0.1820E+05
  0.8934E-02  0.3378E+05 -0.1318E+05 -0.1852E+05
  0.8968E-02  0.3337E+05 -0.1293E+05 -0.1848E+05
  0.9002E-02  0.3287E+05 -0.1257E+05 -0.1836E+05
  0.9036E-02  0.3252E+05 -0.1238E+05 -0.1819E+05
  0.9070E-02  0.3216E+05 -0.1228E+05 -0.1785E+05
  0.9104E-02  0.3171E+05 -0.1220E+05 -0.1753E+05
  0.9138E-02  0.3298E+05 -0.1441E+05 -0.1713E+05
  0.9173E-02  0.3544E+05 -0.1561E+05 -0.1655E+05
  0.9207E-02  0.3491E+05 -0.1474E+05 -0.1666E+05
  0.9241E-02  0.3450E+05 -0.1399E+05 -0.1687E+05
  0.9275E-02  0.3399E+05 -0.1344E+05 -0.1686E+05
  0.9309E-02  0.3349E+05 -0.1316E+05 -0.1681E+05
  0.9343E-02  0.3350E+05 -0.1300E+05 -0.1705E+05
  0.9377E-02  0.3422E+05 -0.1256E+05 -0.1784E+05
  0.9411E-02  0.3437E+05 -0.1229E+05 -0.1815E+05
  0.9445E-02  0.3426E+05 -0.1231E+05 -0.1815E+05
  0.9479E-02  0.3405E+05 -0.1249E+05 -0.1795E+05
  0.9514E-02  0.3379E+05 -0.1286E+05 -0.1809E+05
  0.9548E-02  0.3334E+05 -0.1321E+05 -0.1795E+05
  0.9582E-02  0.3299E+05 -0.1358E+05 -0.1785E+05
  0.9616E-02  0.3281E+05 -0.1400E+05 -0.1792E+05
  0.9650E-02  0.3338E+05 -0.1519E+05 -0.1868E+05
  0.9684E-02  0.3319E+05 -0.1549E+05 -0.1882E+05
  0.9718E-02  0.3287E+05 -0.1601E+05 -0.1888E+05
  0.9752E-02  0.3233E+05 -0.1584E+05 -0.1869E+05
  0.9786E-02  0.3212E+05 -0.1566E+05 -0.1889E+05
  0.9820E-02  0.3147E+05 -0.1576E+05 -0.1879E+05
  0.9855E-02  0.3091E+05 -0.1564E+05 -0.1868E+05
  0.9889E-02  0.3043E+05 -0.1558E+05 -0.1860E+05
  0.9923E-02  0.2965E+05 -0.1535E+05 -0.1937E+05
  0.9957E-02  0.2991E+05 -0.1524E+05 -0.1937E+05
  0.9991E-02  0.3120E+05 -0.1416E+05 -0.1919E+05
  0.1003E-01  0.3328E+05 -0.1387E+05 -0.1893E+05
  0.1006E-01  0.3380E+05 -0.1438E+05 -0.1867E+05
  0.1009E-01  0.3544E+05 -0.1407E+05 -0.1821E+05
  0.1013E-01  0.3523E+05 -0.1398E+05 -0.1807E+05
  0.1016E-01  0.3406E+05 -0.1399E+05 -0.1822E+05
  0.1020E-01  0.3358E+05 -0.1410E+05 -0.1875E+05
  0.1023E-01  0.3417E+05 -0.1355E+05 -0.1883E+05
  0.1026E-01  0.3429E+05 -0.1333E+05 -0.1899E+05
  0.1030E-01  0.3357E+05 -0.1321E+05 -0.1915E+05
  0.1033E-01  0.3276E+05 -0.1328E+05 -0.1913E+05
  0.1037E-01  0.3173E+05 -0.1259E+05 -0.1901E+05
  0.1040E-01  0.3276E+05 -0.1373E+05 -0.1933E+05
  0.1043E-01  0.3430E+05 -0.1626E+05 -0.1970E+05
  0.1047E-01  0.3444E+05 -0.1768E+05 -0.2215E+05
  0.1050E-01  0.3443E+05 -0.1730E+05 -0.2275E+05
  0.1054E-01  0.3421E+05 -0.1646E+05 -0.2299E+05
  0.1057E-01  0.3370E+05 -0.1579E+05 -0.2326E+05
  0.1060E-01  0.3342E+05 -0.1534E+05 -0.2384E+05
  0.1064E-01  0.3434E+05 -0.1548E+05 -0.2364E+05
  0.1067E-01  0.3463E+05 -0.1594E+05 -0.2344E+05
  0.1071E-01  0.3449E+05 -0.1552E+05 -0.2367E+05
  0.1074E-01  0.3392E+05 -0.1508E+05 -0.2343E+05
  0.1078E-01  0.3315E+05 -0.1454E+05 -0.2314E+05
  0.1081E-01  0.3361E+05 -0.1578E+05 -0.2256E+05
  0.1084E-01  0.3368E+05 -0.1613E+05 -0.2268E+05
  0.1088E-01  0.3348E+05 -0.1590E+05 -0.2293E+05
  0.1091E-01  0.3332E+05 -0.1546E+05 -0.2321E+05
  0.1095E-01  0.3325E+05 -0.1510E+05 -0.2360E+05
  0.1098E-01  0.3287E+05 -0.1467E+05 -0.2336E+05
  0.1101E-01  0.3281E+05 -0.1481E+05 -0.2350E+05
  0.1105E-01  0.3330E+05 -0.1530E+05 -0.2404E+05
  0.1108E-01  0.3434E+05 -0.1556E+05 -0.2461E+05
  0.1112E-01  0.3482E+05 -0.1576E+05 -0.2508E+05
  0.1115E-01  0.3563E+05 -0.1554E+05 -0.2536E+05
  0.1118E-01  0.3539E+05 -0.1604E+05 -0.2559E+05
  0.1122E-01  0.3489E+05 -0.1612E+05 -0.2567E+05
  0.1125E-01  0.3463E+05 -0.1636E+05 -0.2593E+05
  0.1129E-01  0.3391E+05 -0.1631E+05 -0.2614E+05
  0.1132E-01  0.3358E+05 -0.1606E+05 -0.2634E+05
  0.1135E-01  0.3352E+05 -0.1615E+05 -0.2636E+05
  0.1139E-01  0.3357E+05 -0.1635E+05 -0.2631E+05
  0.1142E-01  0.3427E+05 -0.1701E+05 -0.2608E+05
  0.1146E-01  0.3508E+05 -0.1678E+05 -0.2634E+05
  0.1149E-01  0.3647E+05 -0.1634E+05 -0.2616E+05
  0.1153E-01  0.3623E+05 -0.1605E+05 -0.2606E+05
  0.1156E-01  0.3612E+05 -0.1629E+05 -0.2562E+05
  0.1159E-01  0.3686E+05 -0.1610E+05 -0.2552E+05
  0.1163E-01  0.3844E+05 -0.1597E+05 -0.2529E+05
  0.1166E-01  0.3727E+05 -0.1625E+05 -0.2525E+05
  0.1170E-01  0.3638E+05 -0.1668E+05 -0.2515E+05
  0.1173E-01  0.3586E+05 -0.1702E+05 -0.2536E+05
  0.1176E-01  0.3568E+05 -0.1716E+05 -0.2552E+05
  0.1180E-01  0.3545E+05 -0.1626E+05 -0.2550E+05
  0.1183E-01  0.3571E+05 -0.1601E+05 -0.2566E+05
  0.1187E-01  0.3626E+05 -0.1597E+05 -0.2533E+05
  0.1190E-01  0.3580E+05 -0.1606E+05 -0.2522E+05
  0.1193E-01  0.3579E+05 -0.1633E+05 -0.2483E+05
  0.1197E-01  0.3574E+05 -0.1661E+05 -0.2437E+05
  0.1200E-01  0.3501E+05 -0.1639E+05 -0.2437E+05
  0.1204E-01  0.3453E+05 -0.1622E+05 -0.2450E+05
  0.1207E-01  0.3575E+05 -0.1732E+05 -0.2448E+05
  0.1211E-01  0.3706E+05 -0.1770E+05 -0.2478E+05
  0.1214E-01  0.3695E+05 -0.1650E+05 -0.2505E+05
  0.1217E-01  0.3723E+05 -0.1681E+05 -0.2554E+05
  0.1221E-01  0.3697E+05 -0.1643E+05 -0.2602E+05
  0.1224E-01  0.3734E+05 -0.1847E+05 -0.2609E+05
  0.1228E-01  0.3865E+05 -0.1985E+05 -0.2709E+05
  0.1231E-01  0.4018E+05 -0.2076E+05 -0.2882E+05
  0.1234E-01  0.3943E+05 -0.1944E+05 -0.2817E+05
  0.1238E-01  0.3932E+05 -0.1834E+05 -0.2805E+05
  0.1241E-01  0.3957E+05 -0.1766E+05 -0.2732E+05
  0.1245E-01  0.3952E+05 -0.1710E+05 -0.2666E+05
  0.1248E-01  0.3860E+05 -0.1638E+05 -0.2583E+05
  0.1251E-01  0.3909E+05 -0.1578E+05 -0.2600E+05
  0.1255E-01  0.3934E+05 -0.1605E+05 -0.2570E+05
  0.1258E-01  0.3980E+05 -0.1692E+05 -0.2545E+05
  0.1262E-01  0.4113E+05 -0.1780E+05 -0.2549E+05
  0.1265E-01  0.4085E+05 -0.1719E+05 -0.2568E+05
  0.1268E-01  0.4113E+05 -0.1814E+05 -0.2556E+05
  0.1272E-01  0.4092E+05 -0.1797E+05 -0.2556E+05
  0.1275E-01  0.4047E+05 -0.1782E+05 -0.2565E+05
  0.1279E-01  0.4002E+05 -0.1776E+05 -0.2535E+05
  0.1282E-01  0.3968E+05 -0.1764E+05 -0.2540E+05
  0.1286E-01  0.3944E+05 -0.1747E+05 -0.2552E+05
  0.1289E-01  0.3939E+05 -0.1708E+05 -0.2558E+05
  0.1292E-01  0.3929E+05 -0.1695E+05 -0.2547E+05
  0.1296E-01  0.3977E+05 -0.1679E+05 -0.2542E+05
  0.1299E-01  0.4034E+05 -0.1671E+05 -0.2544E+05
  0.1303E-01  0.4104E+05 -0.1699E+05 -0.2551E+05
  0.1306E-01  0.4120E+05 -0.1737E+05 -0.2549E+05
  0.1309E-01  0.4079E+05 -0.1673E+05 -0.2534E+05
  0.1313E-01  0.4054E+05 -0.1706E+05 -0.2502E+05
  0.1316E-01  0.4102E+05 -0.1742E+05 -0.2544E+05
  0.1320E-01  0.4137E+05 -0.1748E+05 -0.2552E+05
  0.1323E-01  0.4043E+05 -0.1803E+05 -0.2518E+05
  0.1326E-01  0.3963E+05 -0.1827E+05 -0.2481E+05
  0.1330E-01  0.3878E+05 -0.1858E+05 -0.2459E+05
  0.1333E-01  0.3846E+05 -0.1867E+05 -0.2471E+05
  0.1337E-01  0.3800E+05 -0.1882E+05 -0.2474E+05
  0.1340E-01  0.3759E+05 -0.1894E+05 -0.2463E+05
  0.1343E-01  0.3704E+05 -0.1925E+05 -0.2451E+05
  0.1347E-01  0.3665E+05 -0.1937E+05 -0.2458E+05
  0.1350E-01  0.3623E+05 -0.1899E+05 -0.2470E+05
  0.1354E-01  0.3603E+05 -0.1884E+05 -0.2478E+05
  0.1357E-01  0.3647E+05 -0.1794E+05 -0.2461E+05
  0.1361E-01  0.3591E+05 -0.1786E+05 -0.2485E+05
  0.1364E-01  0.3650E+05 -0.1812E+05 -0.2506E+05
  0.1367E-01  0.3535E+05 -0.1794E+05 -0.2550E+05
  0.1371E-01  0.3522E+05 -0.1863E+05 -0.2581E+05
  0.1374E-01  0.3454E+05 -0.1822E+05 -0.2605E+05
  0.1378E-01  0.3421E+05 -0.1758E+05 -0.2642E+05
  0.1381E-01  0.3687E+05 -0.1946E+05 -0.2676E+05
  0.1384E-01  0.3698E+05 -0.1885E+05 -0.2712E+05
  0.1388E-01  0.3675E+05 -0.1825E+05 -0.2738E+05
  0.1391E-01  0.3659E+05 -0.1771E+05 -0.2803E+05
  0.1395E-01  0.3692E+05 -0.1736E+05 -0.2900E+05
  0.1398E-01  0.3873E+05 -0.1875E+05 -0.3045E+05
  0.1401E-01  0.4020E+05 -0.1815E+05 -0.2964E+05
  0.1405E-01  0.4124E+05 -0.1898E+05 -0.2849E+05
  0.1408E-01  0.4072E+05 -0.1874E+05 -0.2855E+05
  0.1412E-01  0.4126E+05 -0.1935E+05 -0.2877E+05
  0.1415E-01  0.4243E+05 -0.1924E+05 -0.2925E+05
  0.1419E-01  0.4309E+05 -0.1893E+05 -0.2809E+05
  0.1422E-01  0.4250E+05 -0.1812E+05 -0.2813E+05
  0.1425E-01  0.4266E+05 -0.1833E+05 -0.2806E+05
  0.1429E-01  0.4259E+05 -0.1785E+05 -0.2807E+05
  0.1432E-01  0.4217E+05 -0.1728E+05 -0.2748E+05
  0.1436E-01  0.4326E+05 -0.1695E+05 -0.2743E+05
  0.1439E-01  0.4369E+05 -0.1726E+05 -0.2763E+05
  0.1442E-01  0.4397E+05 -0.1746E+05 -0.2801E+05
  0.1446E-01  0.4353E+05 -0.1712E+05 -0.2817E+05
  0.1449E-01  0.4316E+05 -0.1649E+05 -0.2806E+05
  0.1453E-01  0.4315E+05 -0.1583E+05 -0.2790E+05
  0.1456E-01  0.4374E+05 -0.1862E+05 -0.2797E+05
  0.1459E-01  0.4346E+05 -0.1946E+05 -0.2775E+05
  0.1463E-01  0.4326E+05 -0.1958E+05 -0.2802E+05
  0.1466E-01  0.4333E+05 -0.1880E+05 -0.2861E+05
  0.1470E-01  0.4280E+05 -0.1856E+05 -0.2822E+05
  0.1473E-01  0.4220E+05 -0.1795E+05 -0.2782E+05
  0.1476E-01  0.4184E+05 -0.1826E+05 -0.2771E+05
  0.1480E-01  0.4206E+05 -0.1900E+05 -0.2738E+05
  0.1483E-01  0.4271E+05 -0.1964E+05 -0.2745E+05
  0.1487E-01  0.4242E+05 -0.1986E+05 -0.2732E+05
  0.1490E-01  0.4212E+05 -0.2032E+05 -0.2762E+05
  0.1494E-01  0.4175E+05 -0.2036E+05 -0.2783E+05
  0.1497E-01  0.4096E+05 -0.1976E+05 -0.2786E+05
  0.1500E-01  0.4042E+05 -0.1948E+05 -0.2790E+05
  0.1504E-01  0.3986E+05 -0.1917E+05 -0.2806E+05
  0.1507E-01  0.3935E+05 -0.1866E+05 -0.2808E+05
  0.1511E-01  0.3895E+05 -0.1844E+05 -0.2815E+05
  0.1514E-01  0.3860E+05 -0.1831E+05 -0.2838E+05
  0.1517E-01  0.3815E+05 -0.1815E+05 -0.2847E+05
  0.1521E-01  0.3877E+05 -0.1784E+05 -0.2848E+05
  0.1524E-01  0.3972E+05 -0.1781E+05 -0.2863E+05
  0.1528E-01  0.4101E+05 -0.1765E+05 -0.2883E+05
  0.1531E-01  0.4201E+05 -0.1731E+05 -0.2918E+05
  0.1534E-01  0.4161E+05 -0.1726E+05 -0.2883E+05
  0.1538E-01  0.4124E+05 -0.1681E+05 -0.2913E+05
  0.1541E-01  0.4070E+05 -0.1635E+05 -0.2912E+05
  0.1545E-01  0.4009E+05 -0.1589E+05 -0.2906E+05
  0.1548E-01  0.4187E+05 -0.1543E+05 -0.2838E+05
  0.1551E-01  0.4222E+05 -0.1746E+05 -0.2740E+05
  0.1555E-01  0.4307E+05 -0.1868E+05 -0.2834E+05
  0.1558E-01  0.4317E+05 -0.1771E+05 -0.2890E+05
  0.1562E-01  0.4388E+05 -0.1796E+05 -0.2952E+05
  0.1565E-01  0.4289E+05 -0.1635E+05 -0.2922E+05
  0.1569E-01  0.4207E+05 -0.1595E+05 -0.2965E+05
  0.1572E-01  0.4186E+05 -0.1554E+05 -0.3025E+05
  0.1575E-01  0.4124E+05 -0.1490E+05 -0.2976E+05
  0.1579E-01  0.4150E+05 -0.1496E+05 -0.3091E+05
  0.1582E-01  0.4139E+05 -0.1514E+05 -0.2978E+05
  0.1586E-01  0.4338E+05 -0.1629E+05 -0.2978E+05
  0.1589E-01  0.4254E+05 -0.1674E+05 -0.2939E+05
  0.1592E-01  0.4283E+05 -0.1670E+05 -0.3025E+05
  0.1596E-01  0.4296E+05 -0.1838E+05 -0.3027E+05
  0.1599E-01  0.4276E+05 -0.1770E+05 -0.3072E+05
  0.1603E-01  0.4315E+05 -0.1759E+05 -0.3208E+05
  0.1606E-01  0.4266E+05 -0.1709E+05 -0.3184E+05
  0.1609E-01  0.4229E+05 -0.1584E+05 -0.3151E+05
  0.1613E-01  0.4150E+05 -0.1561E+05 -0.3120E+05
  0.1616E-01  0.4156E+05 -0.1522E+05 -0.3120E+05
  0.1620E-01  0.4194E+05 -0.1577E+05 -0.3072E+05
  0.1623E-01  0.4194E+05 -0.1610E+05 -0.2986E+05
  0.1627E-01  0.4253E+05 -0.1679E+05 -0.2973E+05
  0.1630E-01  0.4300E+05 -0.1675E+05 -0.2971E+05
  0.1633E-01  0.4250E+05 -0.1630E+05 -0.2937E+05
  0.1637E-01  0.4209E+05 -0.1596E+05 -0.2884E+05
  0.1640E-01  0.4133E+05 -0.1618E+05 -0.2927E+05
  0.1644E-01  0.4214E+05 -0.1511E+05 -0.2891E+05
  0.1647E-01  0.4171E+05 -0.1559E+05 -0.2876E+05
  0.1650E-01  0.4250E+05 -0.1867E+05 -0.2842E+05
  0.1654E-01  0.4236E+05 -0.1922E+05 -0.2848E+05
  0.1657E-01  0.4265E+05 -0.1930E+05 -0.2944E+05
  0.1661E-01  0.4304E+05 -0.1893E+05 -0.2957E+05
  0.1664E-01  0.4196E+05 -0.1883E+05 -0.2905E+05
  0.1667E-01  0.4099E+05 -0.1817E+05 -0.2896E+05
  0.1671E-01  0.4071E+05 -0.1793E+05 -0.2848E+05
  0.1674E-01  0.4209E+05 -0.1799E+05 -0.2828E+05
  0.1678E-01  0.4120E+05 -0.1790E+05 -0.2770E+05
  0.1681E-01  0.4048E+05 -0.1789E+05 -0.2745E+05
  0.1684E-01  0.4019E+05 -0.1741E+05 -0.2693E+05
  0.1688E-01  0.3967E+05 -0.1748E+05 -0.2673E+05
  0.1691E-01  0.3966E+05 -0.1789E+05 -0.2644E+05
  0.1695E-01  0.3983E+05 -0.1830E+05 -0.2634E+05
  0.1698E-01  0.3935E+05 -0.1827E+05 -0.2632E+05
  0.1702E-01  0.3881E+05 -0.1812E+05 -0.2608E+05
  0.1705E-01  0.3828E+05 -0.1788E+05 -0.2588E+05
  0.1708E-01  0.3777E+05 -0.1849E+05 -0.2615E+05
  0.1712E-01  0.3784E+05 -0.1748E+05 -0.2573E+05
  0.1715E-01  0.3736E+05 -0.1698E+05 -0.2543E+05
  0.1719E-01  0.3690E+05 -0.1689E+05 -0.2522E+05
  0.1722E-01  0.3736E+05 -0.1633E+05 -0.2548E+05
  0.1725E-01  0.3867E+05 -0.1610E+05 -0.2512E+05
  0.1729E-01  0.3763E+05 -0.1600E+05 -0.2518E+05
  0.1732E-01  0.3860E+05 -0.1800E+05 -0.2460E+05
  0.1736E-01  0.4101E+05 -0.2060E+05 -0.2408E+05
  0.1739E-01  0.4124E+05 -0.2047E+05 -0.2387E+05
  0.1742E-01  0.4136E+05 -0.2127E+05 -0.2402E+05
  0.1746E-01  0.4295E+05 -0.2224E+05 -0.2431E+05
  0.1749E-01  0.4117E+05 -0.2146E+05 -0.2558E+05
  0.1753E-01  0.4102E+05 -0.2034E+05 -0.2627E+05
  0.1756E-01  0.3980E+05 -0.1992E+05 -0.2694E+05
  0.1760E-01  0.4039E+05 -0.1933E+05 -0.2777E+05
  0.1763E-01  0.3976E+05 -0.1872E+05 -0.2794E+05
  0.1766E-01  0.4003E+05 -0.1780E+05 -0.2841E+05
  0.1770E-01  0.4061E+05 -0.1710E+05 -0.2759E+05
  0.1773E-01  0.4253E+05 -0.1837E+05 -0.2797E+05
  0.1777E-01  0.4292E+05 -0.1798E+05 -0.2691E+05
  0.1780E-01  0.4295E+05 -0.1850E+05 -0.2682E+05
  0.1783E-01  0.4357E+05 -0.1917E+05 -0.2802E+05
  0.1787E-01  0.4344E+05 -0.1930E+05 -0.2850E+05
  0.1790E-01  0.4347E+05 -0.1848E+05 -0.2962E+05
  0.1794E-01  0.4297E+05 -0.1924E+05 -0.2961E+05
  0.1797E-01  0.4321E+05 -0.1866E+05 -0.2938E+05
  0.1800E-01  0.4299E+05 -0.1885E+05 -0.2939E+05
  0.1804E-01  0.4273E+05 -0.1841E+05 -0.2902E+05
  0.1807E-01  0.4315E+05 -0.1842E+05 -0.2957E+05
  0.1811E-01  0.4321E+05 -0.1774E+05 -0.2937E+05
  0.1814E-01  0.4350E+05 -0.1825E+05 -0.2981E+05
  0.1817E-01  0.4459E+05 -0.1738E+05 -0.2995E+05
  0.1821E-01  0.4621E+05 -0.1697E+05 -0.2997E+05
  0.1824E-01  0.4634E+05 -0.1819E+05 -0.3009E+05
  0.1828E-01  0.4690E+05 -0.1953E+05 -0.3059E+05
  0.1831E-01  0.4659E+05 -0.1999E+05 -0.3041E+05
  0.1835E-01  0.4614E+05 -0.2007E+05 -0.3023E+05
  0.1838E-01  0.4495E+05 -0.2067E+05 -0.2979E+05
  0.1841E-01  0.4459E+05 -0.2047E+05 -0.2976E+05
  0.1845E-01  0.4413E+05 -0.2036E+05 -0.2960E+05
  0.1848E-01  0.4440E+05 -0.2264E+05 -0.2939E+05
  0.1852E-01  0.4416E+05 -0.2323E+05 -0.2947E+05
  0.1855E-01  0.4343E+05 -0.2341E+05 -0.2934E+05
  0.1858E-01  0.4271E+05 -0.2328E+05 -0.2880E+05
  0.1862E-01  0.4201E+05 -0.2369E+05 -0.2899E+05
  0.1865E-01  0.4149E+05 -0.2345E+05 -0.2892E+05
  0.1869E-01  0.4113E+05 -0.2344E+05 -0.2909E+05
  0.1872E-01  0.4040E+05 -0.2354E+05 -0.2910E+05
  0.1875E-01  0.3994E+05 -0.2313E+05 -0.2909E+05
  0.1879E-01  0.3925E+05 -0.2230E+05 -0.2886E+05
  0.1882E-01  0.3922E+05 -0.2204E+05 -0.2882E+05
  0.1886E-01  0.4066E+05 -0.2090E+05 -0.2900E+05
  0.1889E-01  0.3989E+05 -0.2136E+05 -0.2915E+05
  0.1892E-01  0.3927E+05 -0.2130E+05 -0.2980E+05
  0.1896E-01  0.3987E+05 -0.2037E+05 -0.3058E+05
  0.1899E-01  0.3992E+05 -0.1981E+05 -0.3087E+05
  0.1903E-01  0.4078E+05 -0.1999E+05 -0.3146E+05
  0.1906E-01  0.3997E+05 -0.1901E+05 -0.3198E+05
  0.1910E-01  0.4098E+05 -0.2075E+05 -0.3218E+05
  0.1913E-01  0.4357E+05 -0.2437E+05 -0.3268E+05
  0.1916E-01  0.4466E+05 -0.2767E+05 -0.3264E+05
  0.1920E-01  0.4505E+05 -0.2787E+05 -0.3417E+05
  0.1923E-01  0.4573E+05 -0.2763E+05 -0.3568E+05
  0.1927E-01  0.4493E+05 -0.2556E+05 -0.3487E+05
  0.1930E-01  0.4580E+05 -0.2297E+05 -0.3339E+05
  0.1933E-01  0.4511E+05 -0.2207E+05 -0.3454E+05
  0.1937E-01  0.4470E+05 -0.2144E+05 -0.3410E+05
  0.1940E-01  0.4483E+05 -0.2050E+05 -0.3417E+05
  0.1944E-01  0.4506E+05 -0.1974E+05 -0.3393E+05
  0.1947E-01  0.4460E+05 -0.1967E+05 -0.3337E+05
  0.1950E-01  0.4516E+05 -0.1967E+05 -0.3463E+05
  0.1954E-01  0.4667E+05 -0.2073E+05 -0.3345E+05
  0.1957E-01  0.4755E+05 -0.2049E+05 -0.3495E+05
  0.1961E-01  0.4762E+05 -0.2022E+05 -0.3362E+05
  0.1964E-01  0.4832E+05 -0.2050E+05 -0.3369E+05
  0.1968E-01  0.4919E+05 -0.2003E+05 -0.3458E+05
  0.1971E-01  0.4872E+05 -0.2050E+05 -0.3448E+05
  0.1974E-01  0.4987E+05 -0.2046E+05 -0.3664E+05
  0.1978E-01  0.5018E+05 -0.2198E+05 -0.3618E+05
  0.1981E-01  0.4979E+05 -0.2172E+05 -0.3630E+05
  0.1985E-01  0.5107E+05 -0.2191E+05 -0.3793E+05
  0.1988E-01  0.5091E+05 -0.2108E+05 -0.3799E+05
  0.1991E-01  0.5058E+05 -0.2104E+05 -0.3759E+05
  0.1995E-01  0.5114E+05 -0.2039E+05 -0.3841E+05
  0.1998E-01  0.5145E+05 -0.1988E+05 -0.3903E+05
  0.2002E-01  0.5126E+05 -0.1943E+05 -0.3899E+05
  0.2005E-01  0.5269E+05 -0.2030E+05 -0.3947E+05
  0.2008E-01  0.5188E+05 -0.2017E+05 -0.3877E+05
  0.2012E-01  0.5151E+05 -0.1988E+05 -0.3854E+05
  0.2015E-01  0.5027E+05 -0.2008E+05 -0.3786E+05
  0.2019E-01  0.4947E+05 -0.2017E+05 -0.3745E+05
  0.2022E-01  0.4918E+05 -0.2041E+05 -0.3721E+05
  0.2025E-01  0.4918E+05 -0.1991E+05 -0.3654E+05
  0.2029E-01  0.4840E+05 -0.2013E+05 -0.3631E+05
  0.2032E-01  0.4751E+05 -0.2033E+05 -0.3642E+05
  0.2036E-01  0.4668E+05 -0.2037E+05 -0.3647E+05
  0.2039E-01  0.4599E+05 -0.2038E+05 -0.3649E+05
  0.2043E-01  0.4555E+05 -0.2161E+05 -0.3630E+05
  0.2046E-01  0.4611E+05 -0.2307E+05 -0.3638E+05
  0.2049E-01  0.4680E+05 -0.2402E+05 -0.3647E+05
  0.2053E-01  0.4879E+05 -0.2484E+05 -0.3532E+05
  0.2056E-01  0.4746E+05 -0.2279E+05 -0.3346E+05
  0.2060E-01  0.4749E+05 -0.2306E+05 -0.3550E+05
  0.2063E-01  0.4674E+05 -0.2267E+05 -0.3539E+05
  0.2066E-01  0.4602E+05 -0.2279E+05 -0.3541E+05
  0.2070E-01  0.4619E+05 -0.2292E+05 -0.3551E+05
  0.2073E-01  0.4732E+05 -0.2360E+05 -0.3598E+05
  0.2077E-01  0.5017E+05 -0.2613E+05 -0.3682E+05
  0.2080E-01  0.4882E+05 -0.2520E+05 -0.3716E+05
  0.2083E-01  0.4814E+05 -0.2452E+05 -0.3642E+05
  0.2087E-01  0.4771E+05 -0.2413E+05 -0.3602E+05
  0.2090E-01  0.4643E+05 -0.2343E+05 -0.3551E+05
  0.2094E-01  0.4550E+05 -0.2286E+05 -0.3464E+05
  0.2097E-01  0.4575E+05 -0.2417E+05 -0.3344E+05
  0.2100E-01  0.4511E+05 -0.2551E+05 -0.3305E+05
  0.2104E-01  0.4584E+05 -0.2657E+05 -0.3405E+05
  0.2107E-01  0.4554E+05 -0.2636E+05 -0.3353E+05
  0.2111E-01  0.4467E+05 -0.2486E+05 -0.3297E+05
  0.2114E-01  0.4483E+05 -0.2477E+05 -0.3276E+05
  0.2118E-01  0.4371E+05 -0.2441E+05 -0.3142E+05
  0.2121E-01  0.4409E+05 -0.2530E+05 -0.3273E+05
  0.2124E-01  0.4326E+05 -0.2513E+05 -0.3143E+05
  0.2128E-01  0.4378E+05 -0.2635E+05 -0.3287E+05
  0.2131E-01  0.4263E+05 -0.2665E+05 -0.3170E+05
  0.2135E-01  0.4319E+05 -0.2838E+05 -0.2989E+05
  0.2138E-01  0.4409E+05 -0.2898E+05 -0.3111E+05
  0.2141E-01  0.4347E+05 -0.2862E+05 -0.2999E+05
  0.2145E-01  0.4447E+05 -0.2904E+05 -0.2930E+05
  0.2148E-01  0.4417E+05 -0.2919E+05 -0.2950E+05
  0.2152E-01  0.4451E+05 -0.2867E+05 -0.2963E+05
  0.2155E-01  0.4343E+05 -0.2852E+05 -0.2861E+05
  0.2158E-01  0.4447E+05 -0.2803E+05 -0.3022E+05
  0.2162E-01  0.4421E+05 -0.2869E+05 -0.2902E+05
  0.2165E-01  0.4411E+05 -0.2835E+05 -0.2879E+05
  0.2169E-01  0.4394E+05 -0.2827E+05 -0.2950E+05
  0.2172E-01  0.4402E+05 -0.2909E+05 -0.2991E+05
  0.2176E-01  0.4354E+05 -0.2798E+05 -0.2978E+05
