  0.1326E-03  0.0000E+00  0.0000E+00 -0.1971E+04
  0.2652E-03 -0.6242E-15 -0.2316E-15 -0.1941E+04
  0.3978E-03 -0.7331E-15 -0.1736E-15 -0.1893E+04
  0.5304E-03  0.2039E-14 -0.5389E-15 -0.1852E+04
  0.6629E-03  0.1226E-13  0.8289E-15 -0.1830E+04
  0.7955E-03  0.3677E-14 -0.5330E-15 -0.1828E+04
  0.9281E-03 -0.1157E-13  0.5350E-15 -0.1836E+04
  0.1061E-02 -0.1559E-14 -0.5598E-15 -0.1842E+04
  0.1193E-02 -0.3113E-14  0.4852E-15 -0.1839E+04
  0.1326E-02 -0.2396E-14  0.1067E-14 -0.1833E+04
  0.1458E-02  0.1190E-06  0.1924E-06 -0.1830E+04
  0.1591E-02  0.1190E-06  0.1924E-06 -0.1838E+04
  0.1724E-02  0.1190E-06  0.1924E-06 -0.1853E+04
  0.1856E-02  0.1190E-06  0.1924E-06 -0.1870E+04
  0.1989E-02  0.1190E-06  0.1924E-06 -0.1880E+04
  0.2121E-02  0.1190E-06  0.1924E-06 -0.1880E+04
  0.2254E-02  0.1190E-06  0.1924E-06 -0.1874E+04
  0.2387E-02  0.1190E-06  0.1924E-06 -0.1868E+04
  0.2519E-02  0.1190E-06  0.1924E-06 -0.1865E+04
  0.2652E-02  0.1190E-06  0.1924E-06 -0.1864E+04
  0.2784E-02  0.1190E-06  0.1924E-06 -0.1859E+04
  0.2917E-02  0.1190E-06  0.1924E-06 -0.1843E+04
  0.3050E-02  0.1190E-06  0.1924E-06 -0.1822E+04
  0.3182E-02  0.1190E-06  0.1924E-06 -0.1806E+04
  0.3315E-02  0.1190E-06  0.1924E-06 -0.1801E+04
  0.3447E-02  0.1190E-06  0.1924E-06 -0.1806E+04
  0.3580E-02  0.1190E-06  0.1924E-06 -0.1811E+04
  0.3712E-02  0.1190E-06  0.1924E-06 -0.1809E+04
  0.3845E-02  0.1190E-06  0.1924E-06 -0.1800E+04
  0.3978E-02  0.1190E-06  0.1924E-06 -0.1792E+04
  0.4110E-02  0.1190E-06  0.1924E-06 -0.1791E+04
  0.4243E-02  0.1190E-06  0.1924E-06 -0.1799E+04
  0.4375E-02  0.1190E-06  0.1924E-06 -0.1811E+04
  0.4508E-02  0.1190E-06  0.1924E-06 -0.1817E+04
  0.4641E-02  0.1190E-06  0.1924E-06 -0.1816E+04
  0.4773E-02  0.1190E-06  0.1924E-06 -0.1811E+04
  0.4906E-02  0.1190E-06  0.1924E-06 -0.1809E+04
  0.5038E-02  0.1190E-06  0.1924E-06 -0.1812E+04
  0.5171E-02  0.1190E-06  0.1924E-06 -0.1814E+04
  0.5304E-02 -0.1517E-06  0.1429E-06 -0.1810E+04
  0.5436E-02 -0.1517E-06  0.1429E-06 -0.1797E+04
  0.5569E-02 -0.1517E-06  0.1429E-06 -0.1781E+04
  0.5701E-02 -0.1517E-06  0.1429E-06 -0.1768E+04
  0.5834E-02 -0.1517E-06  0.1429E-06 -0.1763E+04
  0.5967E-02 -0.1517E-06  0.1429E-06 -0.1762E+04
  0.6099E-02 -0.1517E-06  0.1429E-06 -0.1759E+04
  0.6232E-02 -0.1517E-06  0.1429E-06 -0.1752E+04
  0.6364E-02 -0.1517E-06  0.1429E-06 -0.1742E+04
  0.6497E-02 -0.1492E-06  0.1621E-06 -0.1735E+04
  0.6629E-02 -0.1492E-06  0.1621E-06 -0.1734E+04
  0.6762E-02 -0.1492E-06  0.1621E-06 -0.1737E+04
  0.6895E-02 -0.1492E-06  0.1621E-06 -0.1742E+04
  0.7027E-02 -0.1492E-06  0.1621E-06 -0.1744E+04
  0.7160E-02 -0.1492E-06  0.1621E-06 -0.1743E+04
  0.7292E-02 -0.1492E-06  0.1621E-06 -0.1741E+04
  0.7425E-02 -0.1492E-06  0.1621E-06 -0.1740E+04
  0.7558E-02 -0.1753E-06  0.1737E-06 -0.1742E+04
  0.7690E-02 -0.1753E-06  0.1737E-06 -0.1744E+04
  0.7823E-02 -0.1753E-06  0.1737E-06 -0.1743E+04
  0.7955E-02 -0.1753E-06  0.1737E-06 -0.1738E+04
  0.8088E-02 -0.1753E-06  0.1737E-06 -0.1730E+04
  0.8221E-02 -0.1753E-06  0.1737E-06 -0.1722E+04
  0.8353E-02 -0.1753E-06  0.1737E-06 -0.1716E+04
  0.8486E-02 -0.1753E-06  0.1737E-06 -0.1710E+04
  0.8618E-02 -0.1753E-06  0.1737E-06 -0.1705E+04
  0.8751E-02 -0.1753E-06  0.1737E-06 -0.1697E+04
  0.8883E-02 -0.1753E-06  0.1737E-06 -0.1688E+04
  0.9016E-02 -0.1753E-06  0.1737E-06 -0.1680E+04
  0.9149E-02 -0.1753E-06  0.1737E-06 -0.1675E+04
  0.9281E-02 -0.1753E-06  0.1737E-06 -0.1672E+04
  0.9414E-02 -0.1753E-06  0.1737E-06 -0.1671E+04
  0.9546E-02 -0.1753E-06  0.1737E-06 -0.1669E+04
  0.9679E-02 -0.1311E-04  0.1523E-05 -0.1667E+04
  0.9812E-02 -0.1311E-04  0.1523E-05 -0.1667E+04
  0.9944E-02 -0.1311E-04  0.1523E-05 -0.1669E+04
  0.1008E-01 -0.3116E-04  0.1803E-05 -0.1670E+04
  0.1021E-01 -0.3116E-04  0.1803E-05 -0.1670E+04
  0.1034E-01 -0.3116E-04  0.1803E-05 -0.1669E+04
  0.1047E-01 -0.3116E-04  0.1803E-05 -0.1667E+04
  0.1061E-01 -0.3116E-04  0.1803E-05 -0.1665E+04
  0.1074E-01 -0.3116E-04  0.1803E-05 -0.1661E+04
  0.1087E-01 -0.2251E-04  0.4622E-05 -0.1656E+04
  0.1100E-01 -0.2251E-04  0.4622E-05 -0.1650E+04
  0.1114E-01 -0.2251E-04  0.4622E-05 -0.1644E+04
  0.1127E-01 -0.2251E-04  0.4622E-05 -0.1635E+04
  0.1140E-01 -0.2251E-04  0.4622E-05 -0.1625E+04
  0.1154E-01 -0.2133E-04  0.5024E-05 -0.1615E+04
  0.1167E-01 -0.2471E-04  0.5025E-05 -0.1609E+04
  0.1180E-01 -0.2471E-04  0.5025E-05 -0.1606E+04
  0.1193E-01 -0.2471E-04  0.5025E-05 -0.1604E+04
  0.1207E-01 -0.1632E-04  0.1284E-04 -0.1602E+04
  0.1220E-01 -0.1632E-04  0.1284E-04 -0.1599E+04
  0.1233E-01 -0.1912E-04  0.1575E-04 -0.1598E+04
  0.1246E-01 -0.1912E-04  0.1575E-04 -0.1598E+04
  0.1260E-01 -0.1912E-04  0.1575E-04 -0.1597E+04
  0.1273E-01 -0.1912E-04  0.1575E-04 -0.1595E+04
  0.1286E-01 -0.1912E-04  0.1575E-04 -0.1592E+04
  0.1299E-01 -0.1912E-04  0.1575E-04 -0.1590E+04
  0.1313E-01 -0.2134E-04  0.1586E-04 -0.1589E+04
  0.1326E-01 -0.2134E-04  0.1586E-04 -0.1587E+04
  0.1339E-01 -0.2134E-04  0.1586E-04 -0.1584E+04
  0.1352E-01 -0.2134E-04  0.1586E-04 -0.1578E+04
  0.1366E-01 -0.2134E-04  0.1586E-04 -0.1571E+04
  0.1379E-01 -0.2134E-04  0.1586E-04 -0.1564E+04
  0.1392E-01 -0.2134E-04  0.1586E-04 -0.1558E+04
  0.1405E-01 -0.2134E-04  0.1586E-04 -0.1554E+04
  0.1419E-01 -0.2134E-04  0.1586E-04 -0.1550E+04
  0.1432E-01 -0.2134E-04  0.1586E-04 -0.1546E+04
  0.1445E-01 -0.2134E-04  0.1586E-04 -0.1540E+04
  0.1458E-01 -0.2134E-04  0.1586E-04 -0.1535E+04
  0.1472E-01  0.6722E-04 -0.9539E-04 -0.1532E+04
  0.1485E-01  0.1310E-03 -0.9554E-04 -0.1530E+04
  0.1498E-01  0.1310E-03 -0.9554E-04 -0.1528E+04
  0.1512E-01  0.1459E-03 -0.7776E-04 -0.1525E+04
  0.1525E-01  0.1459E-03 -0.7776E-04 -0.1521E+04
  0.1538E-01  0.1459E-03 -0.7776E-04 -0.1516E+04
  0.1551E-01  0.1459E-03 -0.7776E-04 -0.1512E+04
  0.1565E-01  0.1459E-03 -0.7776E-04 -0.1510E+04
  0.1578E-01  0.1459E-03 -0.7776E-04 -0.1507E+04
  0.1591E-01  0.1459E-03 -0.7776E-04 -0.1505E+04
  0.1604E-01 -0.9722E-03 -0.1891E-05 -0.1502E+04
  0.1618E-01 -0.9722E-03 -0.1891E-05 -0.1498E+04
  0.1631E-01 -0.9722E-03 -0.1891E-05 -0.1494E+04
  0.1644E-01 -0.9722E-03 -0.1891E-05 -0.1489E+04
  0.1657E-01 -0.9722E-03 -0.1891E-05 -0.1483E+04
  0.1671E-01 -0.9251E-03 -0.2870E-04 -0.1478E+04
  0.1684E-01 -0.9251E-03 -0.2870E-04 -0.1473E+04
  0.1697E-01 -0.9430E-03 -0.3054E-04 -0.1469E+04
  0.1710E-01 -0.9430E-03 -0.3054E-04 -0.1465E+04
  0.1724E-01 -0.9430E-03 -0.3054E-04 -0.1460E+04
  0.1737E-01 -0.9430E-03 -0.3054E-04 -0.1456E+04
  0.1750E-01 -0.9430E-03 -0.3054E-04 -0.1451E+04
  0.1763E-01 -0.9430E-03 -0.3054E-04 -0.1448E+04
  0.1777E-01 -0.9430E-03 -0.3054E-04 -0.1446E+04
  0.1790E-01 -0.9430E-03 -0.3054E-04 -0.1443E+04
  0.1803E-01 -0.9430E-03 -0.3054E-04 -0.1439E+04
  0.1816E-01 -0.9430E-03 -0.3054E-04 -0.1434E+04
  0.1830E-01 -0.9430E-03 -0.3054E-04 -0.1428E+04
  0.1843E-01 -0.9430E-03 -0.3054E-04 -0.1423E+04
  0.1856E-01 -0.9430E-03 -0.3054E-04 -0.1419E+04
  0.1870E-01 -0.9430E-03 -0.3054E-04 -0.1416E+04
  0.1883E-01 -0.9430E-03 -0.3054E-04 -0.1413E+04
  0.1896E-01 -0.9344E-03 -0.3142E-04 -0.1411E+04
  0.1909E-01 -0.9343E-03 -0.3016E-04 -0.1408E+04
  0.1923E-01 -0.9322E-03 -0.2892E-04 -0.1405E+04
  0.1936E-01 -0.9322E-03 -0.2892E-04 -0.1401E+04
  0.1949E-01 -0.9322E-03 -0.2892E-04 -0.1395E+04
  0.1962E-01 -0.9322E-03 -0.2892E-04 -0.1390E+04
  0.1976E-01 -0.9375E-03 -0.3283E-04 -0.1385E+04
  0.1989E-01 -0.8571E-03 -0.3034E-04 -0.1381E+04
  0.2002E-01 -0.4409E-04 -0.8473E-04 -0.1375E+04
  0.2015E-01 -0.4409E-04 -0.8473E-04 -0.1369E+04
  0.2029E-01 -0.4409E-04 -0.8473E-04 -0.1364E+04
  0.2042E-01 -0.3008E-04 -0.4487E-04 -0.1361E+04
  0.2055E-01 -0.3008E-04 -0.4487E-04 -0.1358E+04
  0.2068E-01 -0.3008E-04 -0.4487E-04 -0.1354E+04
  0.2082E-01 -0.3008E-04 -0.4487E-04 -0.1351E+04
  0.2095E-01 -0.3008E-04 -0.4487E-04 -0.1347E+04
  0.2108E-01  0.2097E-04 -0.4188E-04 -0.1344E+04
  0.2121E-01  0.2097E-04 -0.4188E-04 -0.1340E+04
  0.2135E-01  0.2097E-04 -0.4188E-04 -0.1335E+04
  0.2148E-01  0.2097E-04 -0.4188E-04 -0.1331E+04
  0.2161E-01  0.2097E-04 -0.4188E-04 -0.1327E+04
  0.2174E-01  0.2097E-04 -0.4188E-04 -0.1322E+04
  0.2188E-01  0.2097E-04 -0.4188E-04 -0.1317E+04
  0.2201E-01  0.2097E-04 -0.4188E-04 -0.1311E+04
  0.2214E-01  0.2097E-04 -0.4188E-04 -0.1306E+04
  0.2227E-01  0.2097E-04 -0.4188E-04 -0.1302E+04
  0.2241E-01  0.2097E-04 -0.4188E-04 -0.1297E+04
  0.2254E-01  0.2097E-04 -0.4188E-04 -0.1294E+04
  0.2267E-01  0.2097E-04 -0.4188E-04 -0.1290E+04
  0.2281E-01  0.2097E-04 -0.4188E-04 -0.1286E+04
  0.2294E-01  0.2097E-04 -0.4188E-04 -0.1283E+04
  0.2307E-01  0.2097E-04 -0.4188E-04 -0.1279E+04
  0.2320E-01  0.5488E-02  0.3145E-03 -0.1275E+04
  0.2334E-01  0.5488E-02  0.3145E-03 -0.1271E+04
  0.2347E-01  0.5484E-02  0.3130E-03 -0.1267E+04
  0.2360E-01  0.5483E-02  0.3120E-03 -0.1262E+04
  0.2373E-01  0.5483E-02  0.3120E-03 -0.1257E+04
  0.2387E-01  0.6870E-02  0.3212E-03 -0.1253E+04
  0.2400E-01  0.6870E-02  0.3212E-03 -0.1249E+04
  0.2413E-01  0.6870E-02  0.3212E-03 -0.1243E+04
  0.2426E-01  0.6005E-02  0.5204E-03 -0.1237E+04
  0.2440E-01  0.6003E-02  0.5210E-03 -0.1231E+04
  0.2453E-01  0.6003E-02  0.5210E-03 -0.1227E+04
  0.2466E-01  0.5910E-02  0.5204E-03 -0.1223E+04
  0.2479E-01  0.5910E-02  0.5204E-03 -0.1220E+04
  0.2493E-01  0.5910E-02  0.5204E-03 -0.1216E+04
  0.2506E-01  0.5910E-02  0.5204E-03 -0.1212E+04
  0.2519E-01  0.5910E-02  0.5204E-03 -0.1208E+04
  0.2532E-01  0.5910E-02  0.5204E-03 -0.1204E+04
  0.2546E-01  0.5910E-02  0.5204E-03 -0.1200E+04
  0.2559E-01  0.5910E-02  0.5204E-03 -0.1196E+04
  0.2572E-01  0.5910E-02  0.5204E-03 -0.1192E+04
  0.2585E-01  0.6046E-02  0.5134E-03 -0.1188E+04
  0.2599E-01  0.6047E-02  0.5134E-03 -0.1184E+04
  0.2612E-01  0.6047E-02  0.5134E-03 -0.1180E+04
  0.2625E-01  0.6047E-02  0.5134E-03 -0.1175E+04
  0.2639E-01  0.6047E-02  0.5134E-03 -0.1169E+04
  0.2652E-01  0.6047E-02  0.5134E-03 -0.1164E+04
  0.2665E-01  0.5278E-02  0.4855E-03 -0.1159E+04
  0.2678E-01  0.5323E-02  0.3889E-03 -0.1154E+04
  0.2692E-01  0.5051E-02  0.4173E-03 -0.1150E+04
  0.2705E-01  0.5041E-02  0.4212E-03 -0.1145E+04
  0.2718E-01  0.5039E-02  0.4211E-03 -0.1141E+04
  0.2731E-01  0.5034E-02  0.4193E-03 -0.1137E+04
  0.2745E-01  0.5028E-02  0.4173E-03 -0.1133E+04
  0.2758E-01  0.5027E-02  0.4168E-03 -0.1128E+04
  0.2771E-01  0.5030E-02  0.4165E-03 -0.1124E+04
  0.2784E-01  0.5031E-02  0.4150E-03 -0.1120E+04
  0.2798E-01  0.5021E-02  0.4156E-03 -0.1116E+04
  0.2811E-01  0.5014E-02  0.4117E-03 -0.1112E+04
  0.2824E-01  0.5041E-02  0.3390E-03 -0.1107E+04
  0.2837E-01  0.4434E-02  0.5465E-03 -0.1102E+04
  0.2851E-01  0.4436E-02  0.5697E-03 -0.1096E+04
  0.2864E-01  0.4421E-02  0.5947E-03 -0.1092E+04
  0.2877E-01  0.3893E-02  0.1125E-02 -0.1087E+04
  0.2890E-01  0.3893E-02  0.1125E-02 -0.1082E+04
  0.2904E-01  0.3893E-02  0.1125E-02 -0.1078E+04
  0.2917E-01  0.3893E-02  0.1125E-02 -0.1073E+04
  0.2930E-01  0.3893E-02  0.1125E-02 -0.1069E+04
  0.2943E-01  0.3893E-02  0.1125E-02 -0.1065E+04
  0.2957E-01  0.3893E-02  0.1125E-02 -0.1060E+04
  0.2970E-01  0.3893E-02  0.1125E-02 -0.1056E+04
  0.2983E-01  0.3893E-02  0.1125E-02 -0.1053E+04
  0.2997E-01  0.3893E-02  0.1125E-02 -0.1049E+04
  0.3010E-01  0.3893E-02  0.1125E-02 -0.1044E+04
  0.3023E-01  0.3893E-02  0.1125E-02 -0.1040E+04
  0.3036E-01  0.3893E-02  0.1125E-02 -0.1036E+04
  0.3050E-01  0.3893E-02  0.1125E-02 -0.1031E+04
  0.3063E-01  0.3893E-02  0.1125E-02 -0.1025E+04
  0.3076E-01  0.3893E-02  0.1125E-02 -0.1020E+04
  0.3089E-01  0.3872E-02  0.1106E-02 -0.1015E+04
  0.3103E-01  0.3231E-02  0.1047E-02 -0.1010E+04
  0.3116E-01  0.3238E-02  0.1047E-02 -0.1006E+04
  0.3129E-01  0.3214E-02  0.1054E-02 -0.1001E+04
  0.3142E-01  0.3216E-02  0.1078E-02 -0.9960E+03
  0.3156E-01  0.3215E-02  0.1082E-02 -0.9911E+03
  0.3169E-01  0.3196E-02  0.1083E-02 -0.9866E+03
  0.3182E-01  0.3199E-02  0.1077E-02 -0.9825E+03
  0.3195E-01  0.3206E-02  0.1051E-02 -0.9784E+03
  0.3209E-01  0.3206E-02  0.1051E-02 -0.9739E+03
  0.3222E-01  0.3206E-02  0.1051E-02 -0.9696E+03
  0.3235E-01  0.3206E-02  0.1051E-02 -0.9657E+03
  0.3248E-01  0.3206E-02  0.1051E-02 -0.9618E+03
  0.3262E-01  0.3207E-02  0.1052E-02 -0.9575E+03
  0.3275E-01  0.3207E-02  0.1053E-02 -0.9523E+03
  0.3288E-01  0.3305E-02  0.2074E-02 -0.9468E+03
  0.3301E-01  0.4146E-02  0.1975E-02 -0.9420E+03
  0.3315E-01  0.4141E-02  0.1973E-02 -0.9378E+03
  0.3328E-01  0.4141E-02  0.1973E-02 -0.9337E+03
  0.3341E-01  0.3953E-02  0.1973E-02 -0.9291E+03
  0.3354E-01  0.3958E-02  0.1977E-02 -0.9239E+03
  0.3368E-01  0.3964E-02  0.2081E-02 -0.9185E+03
  0.3381E-01  0.3964E-02  0.2081E-02 -0.9132E+03
  0.3394E-01  0.3964E-02  0.2081E-02 -0.9083E+03
  0.3408E-01  0.3964E-02  0.2081E-02 -0.9038E+03
  0.3421E-01  0.3964E-02  0.2081E-02 -0.8994E+03
  0.3434E-01  0.6268E-02 -0.2305E-03 -0.8954E+03
  0.3447E-01  0.6504E-02 -0.1777E-03 -0.8913E+03
  0.3461E-01  0.6504E-02 -0.1777E-03 -0.8870E+03
  0.3474E-01  0.6504E-02 -0.1777E-03 -0.8825E+03
  0.3487E-01  0.6508E-02 -0.1947E-03 -0.8776E+03
  0.3500E-01  0.6508E-02 -0.1947E-03 -0.8727E+03
  0.3514E-01  0.6508E-02 -0.1947E-03 -0.8683E+03
  0.3527E-01  0.6508E-02 -0.1947E-03 -0.8643E+03
  0.3540E-01  0.6508E-02 -0.1947E-03 -0.8597E+03
  0.3553E-01  0.6508E-02 -0.1947E-03 -0.8547E+03
  0.3567E-01  0.6508E-02 -0.1947E-03 -0.8498E+03
  0.3580E-01  0.6508E-02 -0.1947E-03 -0.8451E+03
  0.3593E-01  0.6510E-02 -0.1934E-03 -0.8408E+03
  0.3606E-01  0.6510E-02 -0.1934E-03 -0.8363E+03
  0.3620E-01  0.6510E-02 -0.1934E-03 -0.8311E+03
  0.3633E-01  0.6510E-02 -0.1934E-03 -0.8257E+03
  0.3646E-01  0.6510E-02 -0.1934E-03 -0.8207E+03
  0.3659E-01  0.6510E-02 -0.1934E-03 -0.8162E+03
  0.3673E-01  0.6503E-02 -0.1868E-03 -0.8121E+03
  0.3686E-01  0.6503E-02 -0.1870E-03 -0.8079E+03
  0.3699E-01  0.6517E-02  0.4056E-03 -0.8034E+03
  0.3712E-01  0.6517E-02  0.4056E-03 -0.7988E+03
  0.3726E-01  0.6517E-02  0.4056E-03 -0.7945E+03
  0.3739E-01  0.6506E-02  0.3944E-03 -0.7901E+03
  0.3752E-01  0.6506E-02  0.3944E-03 -0.7855E+03
  0.3766E-01  0.6506E-02  0.3944E-03 -0.7805E+03
  0.3779E-01  0.6506E-02  0.3944E-03 -0.7757E+03
  0.3792E-01  0.6506E-02  0.3944E-03 -0.7714E+03
  0.3805E-01  0.6527E-02  0.2183E-03 -0.7672E+03
  0.3819E-01  0.6527E-02  0.2183E-03 -0.7625E+03
  0.3832E-01  0.6527E-02  0.2183E-03 -0.7575E+03
  0.3845E-01  0.6527E-02  0.2183E-03 -0.7524E+03
  0.3858E-01  0.6538E-02  0.2287E-03 -0.7477E+03
  0.3872E-01  0.6538E-02  0.2287E-03 -0.7428E+03
  0.3885E-01  0.6538E-02  0.2287E-03 -0.7380E+03
  0.3898E-01  0.6538E-02  0.2287E-03 -0.7331E+03
  0.3911E-01  0.6538E-02  0.2287E-03 -0.7290E+03
  0.3925E-01  0.6538E-02  0.2287E-03 -0.7250E+03
  0.3938E-01  0.6519E-02  0.2267E-03 -0.7207E+03
  0.3951E-01  0.6519E-02  0.2267E-03 -0.7162E+03
  0.3964E-01  0.6519E-02  0.2267E-03 -0.7115E+03
  0.3978E-01  0.6519E-02  0.2267E-03 -0.7072E+03
  0.3991E-01  0.6519E-02  0.2267E-03 -0.7030E+03
  0.4004E-01  0.6519E-02  0.2267E-03 -0.6988E+03
  0.4017E-01  0.6519E-02  0.2267E-03 -0.6943E+03
  0.4031E-01  0.6519E-02  0.2267E-03 -0.6894E+03
  0.4044E-01  0.6519E-02  0.2267E-03 -0.6844E+03
  0.4057E-01  0.6519E-02  0.2267E-03 -0.6798E+03
  0.4070E-01  0.6519E-02  0.2267E-03 -0.6752E+03
  0.4084E-01  0.6519E-02  0.2267E-03 -0.6706E+03
  0.4097E-01  0.6519E-02  0.2267E-03 -0.6660E+03
  0.4110E-01  0.6406E-02  0.2918E-03 -0.6614E+03
  0.4124E-01  0.7018E-02  0.1012E-02 -0.6573E+03
  0.4137E-01  0.7608E-02  0.1706E-02 -0.6532E+03
  0.4150E-01  0.7608E-02  0.1706E-02 -0.6488E+03
  0.4163E-01  0.7608E-02  0.1706E-02 -0.6442E+03
  0.4177E-01  0.7608E-02  0.1706E-02 -0.6400E+03
  0.4190E-01  0.7609E-02  0.1706E-02 -0.6360E+03
  0.4203E-01  0.7614E-02  0.1707E-02 -0.6320E+03
  0.4216E-01  0.7620E-02  0.1711E-02 -0.6279E+03
  0.4230E-01  0.7620E-02  0.1711E-02 -0.6238E+03
  0.4243E-01  0.7618E-02  0.1705E-02 -0.6200E+03
  0.4256E-01  0.7618E-02  0.1705E-02 -0.6163E+03
  0.4269E-01  0.7618E-02  0.1705E-02 -0.6123E+03
  0.4283E-01  0.7618E-02  0.1705E-02 -0.6074E+03
  0.4296E-01  0.7618E-02  0.1705E-02 -0.6024E+03
  0.4309E-01  0.7618E-02  0.1705E-02 -0.5982E+03
  0.4322E-01  0.7618E-02  0.1705E-02 -0.5941E+03
  0.4336E-01  0.7618E-02  0.1705E-02 -0.5897E+03
  0.4349E-01  0.7618E-02  0.1705E-02 -0.5850E+03
  0.4362E-01  0.7618E-02  0.1705E-02 -0.5803E+03
  0.4375E-01  0.7618E-02  0.1705E-02 -0.5762E+03
  0.4389E-01  0.7618E-02  0.1705E-02 -0.5722E+03
  0.4402E-01  0.7689E-02  0.1336E-02 -0.5683E+03
  0.4415E-01  0.7705E-02  0.1805E-02 -0.5648E+03
  0.4428E-01  0.7705E-02  0.1805E-02 -0.5611E+03
  0.4442E-01  0.7705E-02  0.1805E-02 -0.5570E+03
  0.4455E-01  0.7705E-02  0.1805E-02 -0.5525E+03
  0.4468E-01  0.7705E-02  0.1805E-02 -0.5484E+03
  0.4482E-01  0.7705E-02  0.1805E-02 -0.5447E+03
  0.4495E-01  0.7705E-02  0.1805E-02 -0.5411E+03
  0.4508E-01  0.7705E-02  0.1805E-02 -0.5371E+03
  0.4521E-01  0.7705E-02  0.1805E-02 -0.5328E+03
  0.4535E-01  0.7705E-02  0.1805E-02 -0.5285E+03
  0.4548E-01  0.7705E-02  0.1805E-02 -0.5242E+03
  0.4561E-01  0.7705E-02  0.1805E-02 -0.5199E+03
  0.4574E-01  0.7705E-02  0.1805E-02 -0.5157E+03
  0.4588E-01  0.7705E-02  0.1805E-02 -0.5111E+03
  0.4601E-01  0.7706E-02  0.1805E-02 -0.5065E+03
  0.4614E-01  0.7713E-02  0.1801E-02 -0.5024E+03
  0.4627E-01  0.7713E-02  0.1801E-02 -0.4990E+03
  0.4641E-01  0.7713E-02  0.1801E-02 -0.4954E+03
  0.4654E-01  0.7716E-02  0.1801E-02 -0.4914E+03
  0.4667E-01  0.7716E-02  0.1801E-02 -0.4871E+03
  0.4680E-01  0.7716E-02  0.1801E-02 -0.4831E+03
  0.4694E-01  0.7716E-02  0.1801E-02 -0.4794E+03
  0.4707E-01  0.7716E-02  0.1801E-02 -0.4756E+03
  0.4720E-01  0.7716E-02  0.1801E-02 -0.4715E+03
  0.4733E-01  0.7716E-02  0.1801E-02 -0.4674E+03
  0.4747E-01  0.7716E-02  0.1801E-02 -0.4633E+03
  0.4760E-01  0.7716E-02  0.1801E-02 -0.4596E+03
  0.4773E-01  0.7716E-02  0.1801E-02 -0.4559E+03
  0.4786E-01  0.7716E-02  0.1801E-02 -0.4520E+03
  0.4800E-01  0.7716E-02  0.1801E-02 -0.4479E+03
  0.4813E-01  0.7716E-02  0.1801E-02 -0.4438E+03
  0.4826E-01  0.7716E-02  0.1801E-02 -0.4400E+03
  0.4839E-01  0.7716E-02  0.1801E-02 -0.4360E+03
  0.4853E-01  0.7716E-02  0.1801E-02 -0.4320E+03
  0.4866E-01  0.7716E-02  0.1801E-02 -0.4281E+03
  0.4879E-01  0.7656E-02  0.3240E-02 -0.4243E+03
  0.4893E-01  0.7623E-02  0.1691E-02 -0.4203E+03
  0.4906E-01  0.8996E-02  0.1575E-02 -0.4163E+03
  0.4919E-01  0.1048E-01  0.1413E-02 -0.4124E+03
  0.4932E-01  0.1338E-01  0.4228E-02 -0.4087E+03
  0.4946E-01  0.1607E-01  0.5495E-02 -0.4051E+03
  0.4959E-01  0.1729E-01  0.5440E-02 -0.4012E+03
  0.4972E-01  0.1729E-01  0.5440E-02 -0.3975E+03
  0.4985E-01  0.1729E-01  0.5440E-02 -0.3939E+03
  0.4999E-01  0.1729E-01  0.5440E-02 -0.3903E+03
  0.5012E-01  0.1729E-01  0.5440E-02 -0.3866E+03
  0.5025E-01  0.1729E-01  0.5440E-02 -0.3823E+03
  0.5038E-01  0.1729E-01  0.5440E-02 -0.3781E+03
  0.5052E-01  0.1729E-01  0.5440E-02 -0.3744E+03
  0.5065E-01  0.1729E-01  0.5440E-02 -0.3710E+03
  0.5078E-01  0.1729E-01  0.5440E-02 -0.3673E+03
  0.5091E-01  0.1729E-01  0.5440E-02 -0.3634E+03
  0.5105E-01  0.1729E-01  0.5440E-02 -0.3596E+03
  0.5118E-01  0.1729E-01  0.5440E-02 -0.3561E+03
  0.5131E-01  0.1729E-01  0.5440E-02 -0.3528E+03
  0.5144E-01  0.1729E-01  0.5440E-02 -0.3494E+03
  0.5158E-01  0.1780E-01  0.5971E-02 -0.3459E+03
  0.5171E-01  0.1776E-01  0.5264E-02 -0.3422E+03
  0.5184E-01  0.1775E-01  0.5260E-02 -0.3382E+03
  0.5197E-01  0.1775E-01  0.5260E-02 -0.3344E+03
  0.5211E-01  0.1775E-01  0.5260E-02 -0.3309E+03
  0.5224E-01  0.1775E-01  0.5260E-02 -0.3272E+03
  0.5237E-01  0.1775E-01  0.5260E-02 -0.3234E+03
  0.5251E-01  0.1775E-01  0.5260E-02 -0.3197E+03
  0.5264E-01  0.1775E-01  0.5260E-02 -0.3161E+03
  0.5277E-01  0.1775E-01  0.5260E-02 -0.3125E+03
  0.5290E-01  0.1775E-01  0.5260E-02 -0.3087E+03
  0.5304E-01  0.1775E-01  0.5260E-02 -0.3049E+03
  0.5317E-01  0.1775E-01  0.5260E-02 -0.3014E+03
  0.5330E-01  0.1775E-01  0.5260E-02 -0.2981E+03
  0.5343E-01  0.1775E-01  0.5260E-02 -0.2948E+03
  0.5357E-01  0.1775E-01  0.5260E-02 -0.2911E+03
  0.5370E-01  0.1775E-01  0.5260E-02 -0.2874E+03
  0.5383E-01  0.1775E-01  0.5260E-02 -0.2838E+03
  0.5396E-01  0.1775E-01  0.5260E-02 -0.2802E+03
  0.5410E-01  0.1775E-01  0.5260E-02 -0.2769E+03
  0.5423E-01  0.1775E-01  0.5260E-02 -0.2734E+03
  0.5436E-01  0.1775E-01  0.5260E-02 -0.2696E+03
  0.5449E-01  0.1775E-01  0.5260E-02 -0.2660E+03
  0.5463E-01  0.1781E-01  0.5260E-02 -0.2626E+03
  0.5476E-01  0.1781E-01  0.5263E-02 -0.2595E+03
  0.5489E-01  0.1778E-01  0.5243E-02 -0.2561E+03
  0.5502E-01  0.1778E-01  0.5247E-02 -0.2523E+03
  0.5516E-01  0.1778E-01  0.5248E-02 -0.2486E+03
  0.5529E-01  0.1778E-01  0.5249E-02 -0.2455E+03
  0.5542E-01  0.1778E-01  0.5252E-02 -0.2424E+03
  0.5555E-01  0.1778E-01  0.5255E-02 -0.2390E+03
  0.5569E-01  0.1779E-01  0.5258E-02 -0.2349E+03
  0.5582E-01  0.1866E-01  0.6082E-02 -0.2309E+03
  0.5595E-01  0.2054E-01  0.6061E-02 -0.2276E+03
  0.5609E-01  0.2155E-01  0.6072E-02 -0.2245E+03
  0.5622E-01  0.2359E-01  0.6062E-02 -0.2210E+03
  0.5635E-01  0.2360E-01  0.6063E-02 -0.2170E+03
  0.5648E-01  0.2345E-01  0.5900E-02 -0.2134E+03
  0.5662E-01  0.2345E-01  0.5900E-02 -0.2105E+03
  0.5675E-01  0.2345E-01  0.5900E-02 -0.2076E+03
  0.5688E-01  0.2347E-01  0.5858E-02 -0.2041E+03
  0.5701E-01  0.2347E-01  0.5858E-02 -0.2002E+03
  0.5715E-01  0.2347E-01  0.5858E-02 -0.1966E+03
  0.5728E-01  0.2347E-01  0.5858E-02 -0.1935E+03
  0.5741E-01  0.2347E-01  0.5858E-02 -0.1905E+03
  0.5754E-01  0.2347E-01  0.5858E-02 -0.1870E+03
  0.5768E-01  0.2347E-01  0.5858E-02 -0.1835E+03
  0.5781E-01  0.2347E-01  0.5858E-02 -0.1803E+03
  0.5794E-01  0.2347E-01  0.5858E-02 -0.1772E+03
  0.5807E-01  0.2347E-01  0.5858E-02 -0.1738E+03
  0.5821E-01  0.2347E-01  0.5858E-02 -0.1702E+03
  0.5834E-01  0.2347E-01  0.5858E-02 -0.1667E+03
  0.5847E-01  0.2347E-01  0.5858E-02 -0.1633E+03
  0.5860E-01  0.2347E-01  0.5858E-02 -0.1600E+03
  0.5874E-01  0.2347E-01  0.5858E-02 -0.1569E+03
  0.5887E-01  0.2347E-01  0.5858E-02 -0.1537E+03
  0.5900E-01  0.2347E-01  0.5858E-02 -0.1505E+03
  0.5913E-01  0.2347E-01  0.5858E-02 -0.1475E+03
  0.5927E-01  0.2347E-01  0.5858E-02 -0.1445E+03
  0.5940E-01  0.2344E-01  0.5702E-02 -0.1415E+03
  0.5953E-01  0.2329E-01  0.5863E-02 -0.1385E+03
  0.5967E-01  0.2344E-01  0.5868E-02 -0.1355E+03
  0.5980E-01  0.2343E-01  0.5618E-02 -0.1323E+03
  0.5993E-01  0.2343E-01  0.5662E-02 -0.1286E+03
  0.6006E-01  0.2343E-01  0.5708E-02 -0.1250E+03
  0.6020E-01  0.2344E-01  0.5752E-02 -0.1218E+03
  0.6033E-01  0.2346E-01  0.5797E-02 -0.1188E+03
  0.6046E-01  0.2346E-01  0.5843E-02 -0.1157E+03
  0.6059E-01  0.2345E-01  0.5882E-02 -0.1127E+03
  0.6073E-01  0.2353E-01  0.6005E-02 -0.1102E+03
  0.6086E-01  0.2361E-01  0.5933E-02 -0.1075E+03
  0.6099E-01  0.2358E-01  0.5960E-02 -0.1045E+03
  0.6112E-01  0.2358E-01  0.5960E-02 -0.1015E+03
  0.6126E-01  0.2359E-01  0.5952E-02 -0.9850E+02
  0.6139E-01  0.2359E-01  0.5952E-02 -0.9567E+02
  0.6152E-01  0.2359E-01  0.5952E-02 -0.9250E+02
  0.6165E-01  0.2359E-01  0.5952E-02 -0.8953E+02
  0.6179E-01  0.2359E-01  0.5952E-02 -0.8701E+02
  0.6192E-01  0.2359E-01  0.5952E-02 -0.8452E+02
  0.6205E-01  0.2359E-01  0.5952E-02 -0.8156E+02
  0.6218E-01  0.2359E-01  0.5952E-02 -0.7818E+02
  0.6232E-01  0.2359E-01  0.5952E-02 -0.7494E+02
  0.6245E-01  0.2359E-01  0.5952E-02 -0.7237E+02
  0.6258E-01  0.2359E-01  0.5952E-02 -0.7005E+02
  0.6271E-01  0.2359E-01  0.5952E-02 -0.6725E+02
  0.6285E-01  0.2359E-01  0.5952E-02 -0.6403E+02
  0.6298E-01  0.2359E-01  0.5952E-02 -0.6121E+02
  0.6311E-01  0.2359E-01  0.5952E-02 -0.5864E+02
  0.6324E-01  0.2359E-01  0.5952E-02 -0.5619E+02
  0.6338E-01  0.2359E-01  0.5952E-02 -0.5359E+02
  0.6351E-01  0.2359E-01  0.5952E-02 -0.5073E+02
  0.6364E-01  0.2359E-01  0.5952E-02 -0.4795E+02
  0.6378E-01  0.2359E-01  0.5952E-02 -0.4557E+02
  0.6391E-01  0.2359E-01  0.5952E-02 -0.4355E+02
  0.6404E-01  0.2359E-01  0.5952E-02 -0.4122E+02
  0.6417E-01  0.2359E-01  0.5952E-02 -0.3851E+02
  0.6431E-01  0.2359E-01  0.5952E-02 -0.3563E+02
  0.6444E-01  0.2359E-01  0.5952E-02 -0.3317E+02
  0.6457E-01  0.2359E-01  0.5952E-02 -0.3116E+02
  0.6470E-01  0.2359E-01  0.5952E-02 -0.2912E+02
  0.6484E-01  0.2359E-01  0.5952E-02 -0.2661E+02
  0.6497E-01  0.2359E-01  0.5952E-02 -0.2425E+02
  0.6510E-01  0.2359E-01  0.5952E-02 -0.2208E+02
  0.6523E-01  0.2359E-01  0.5952E-02 -0.1994E+02
  0.6537E-01  0.2359E-01  0.5952E-02 -0.1756E+02
  0.6550E-01  0.2359E-01  0.5952E-02 -0.1503E+02
  0.6563E-01  0.2359E-01  0.5952E-02 -0.1284E+02
  0.6576E-01  0.2359E-01  0.5952E-02 -0.1125E+02
  0.6590E-01  0.2359E-01  0.5952E-02 -0.9633E+01
  0.6603E-01  0.2358E-01  0.5949E-02 -0.7337E+01
  0.6616E-01  0.2354E-01  0.5956E-02 -0.4925E+01
  0.6629E-01  0.2348E-01  0.5975E-02 -0.3392E+01
  0.6643E-01  0.2347E-01  0.5977E-02 -0.2528E+01
  0.6656E-01  0.2347E-01  0.5978E-02 -0.1246E+01
  0.6669E-01  0.2349E-01  0.5990E-02  0.5357E+00
  0.6682E-01  0.2351E-01  0.5991E-02  0.2196E+01
  0.6696E-01  0.2351E-01  0.5991E-02  0.3341E+01
  0.6709E-01  0.2349E-01  0.5986E-02  0.4243E+01
  0.6722E-01  0.2343E-01  0.5973E-02  0.5673E+01
  0.6736E-01  0.2344E-01  0.5951E-02  0.7413E+01
  0.6749E-01  0.2348E-01  0.5943E-02  0.8992E+01
  0.6762E-01  0.2353E-01  0.5966E-02  0.9972E+01
  0.6775E-01  0.2357E-01  0.6013E-02  0.1072E+02
  0.6789E-01  0.2357E-01  0.6013E-02  0.1177E+02
  0.6802E-01  0.2357E-01  0.6013E-02  0.1313E+02
  0.6815E-01  0.2357E-01  0.6013E-02  0.1445E+02
  0.6828E-01  0.2357E-01  0.6013E-02  0.1549E+02
  0.6842E-01  0.2359E-01  0.7454E-02  0.1616E+02
  0.6855E-01  0.2358E-01  0.7456E-02  0.1682E+02
  0.6868E-01  0.2357E-01  0.6005E-02  0.1822E+02
  0.6881E-01  0.2293E-01  0.5828E-02  0.1967E+02
  0.6895E-01  0.2293E-01  0.5175E-02  0.2063E+02
  0.6908E-01  0.2293E-01  0.5172E-02  0.2121E+02
  0.6921E-01  0.2307E-01  0.5039E-02  0.2153E+02
  0.6934E-01  0.2309E-01  0.4792E-02  0.2240E+02
  0.6948E-01  0.2311E-01  0.4539E-02  0.2356E+02
  0.6961E-01  0.2327E-01  0.4379E-02  0.2425E+02
  0.6974E-01  0.2364E-01  0.4366E-02  0.2420E+02
  0.6987E-01  0.2403E-01  0.4371E-02  0.2407E+02
  0.7001E-01  0.2421E-01  0.4585E-02  0.2455E+02
  0.7014E-01  0.2444E-01  0.4764E-02  0.2526E+02
  0.7027E-01  0.2433E-01  0.4585E-02  0.2548E+02
  0.7040E-01  0.2440E-01  0.4319E-02  0.2529E+02
  0.7054E-01  0.2420E-01  0.4467E-02  0.2484E+02
  0.7067E-01  0.2411E-01  0.4748E-02  0.2475E+02
  0.7080E-01  0.2430E-01  0.4756E-02  0.2487E+02
  0.7094E-01  0.2430E-01  0.4773E-02  0.2430E+02
  0.7107E-01  0.2405E-01  0.4571E-02  0.2301E+02
  0.7120E-01  0.2380E-01  0.4792E-02  0.2154E+02
  0.7133E-01  0.2432E-01  0.4802E-02  0.2075E+02
  0.7147E-01  0.2383E-01  0.4794E-02  0.2021E+02
  0.7160E-01  0.2385E-01  0.4550E-02  0.1934E+02
  0.7173E-01  0.2358E-01  0.4563E-02  0.1783E+02
  0.7186E-01  0.2385E-01  0.4619E-02  0.1618E+02
  0.7200E-01  0.2409E-01  0.4635E-02  0.1454E+02
  0.7213E-01  0.2382E-01  0.4691E-02  0.1277E+02
  0.7226E-01  0.2348E-01  0.4672E-02  0.1055E+02
  0.7239E-01  0.2354E-01  0.4031E-02  0.8170E+01
  0.7253E-01  0.2358E-01  0.4251E-02  0.5851E+01
  0.7266E-01  0.2337E-01  0.4278E-02  0.3524E+01
  0.7279E-01  0.2317E-01  0.4332E-02  0.1067E+01
  0.7292E-01  0.2321E-01  0.4117E-02 -0.1568E+01
  0.7306E-01  0.2321E-01  0.3949E-02 -0.4290E+01
  0.7319E-01  0.2327E-01  0.3974E-02 -0.6818E+01
  0.7332E-01  0.2335E-01  0.3952E-02 -0.9249E+01
  0.7345E-01  0.2341E-01  0.3893E-02 -0.1160E+02
  0.7359E-01  0.2369E-01  0.3797E-02 -0.1424E+02
  0.7372E-01  0.2372E-01  0.3718E-02 -0.1722E+02
  0.7385E-01  0.2371E-01  0.3724E-02 -0.2035E+02
  0.7398E-01  0.2367E-01  0.3846E-02 -0.2303E+02
  0.7412E-01  0.2373E-01  0.3738E-02 -0.2536E+02
  0.7425E-01  0.2377E-01  0.3386E-02 -0.2753E+02
  0.7438E-01  0.2422E-01  0.3151E-02 -0.3008E+02
  0.7451E-01  0.2450E-01  0.2853E-02 -0.3266E+02
  0.7465E-01  0.2450E-01  0.2734E-02 -0.3505E+02
  0.7478E-01  0.2449E-01  0.2342E-02 -0.3698E+02
  0.7491E-01  0.2433E-01  0.1848E-02 -0.3874E+02
  0.7505E-01  0.2441E-01  0.1971E-02 -0.4081E+02
  0.7518E-01  0.2466E-01  0.1964E-02 -0.4293E+02
  0.7531E-01  0.2426E-01  0.2197E-02 -0.4483E+02
  0.7544E-01  0.2405E-01  0.2004E-02 -0.4620E+02
  0.7558E-01  0.2364E-01  0.2054E-02 -0.4734E+02
  0.7571E-01  0.2358E-01  0.1849E-02 -0.4899E+02
  0.7584E-01  0.2349E-01  0.2082E-02 -0.5098E+02
  0.7597E-01  0.2377E-01  0.1879E-02 -0.5261E+02
  0.7611E-01  0.2372E-01  0.1651E-02 -0.5334E+02
  0.7624E-01  0.2377E-01  0.1520E-02 -0.5331E+02
  0.7637E-01  0.2364E-01  0.1322E-02 -0.5363E+02
  0.7650E-01  0.2348E-01  0.1435E-02 -0.5427E+02
  0.7664E-01  0.2340E-01  0.1283E-02 -0.5493E+02
  0.7677E-01  0.2340E-01  0.1274E-02 -0.5511E+02
  0.7690E-01  0.2364E-01  0.1206E-02 -0.5489E+02
  0.7703E-01  0.2377E-01  0.1278E-02 -0.5485E+02
  0.7717E-01  0.2384E-01  0.1005E-02 -0.5495E+02
  0.7730E-01  0.2384E-01  0.9089E-03 -0.5498E+02
  0.7743E-01  0.2418E-01  0.9080E-03 -0.5462E+02
  0.7756E-01  0.2451E-01  0.9470E-03 -0.5418E+02
  0.7770E-01  0.2488E-01  0.9954E-03 -0.5401E+02
  0.7783E-01  0.2488E-01  0.9925E-03 -0.5379E+02
  0.7796E-01  0.2487E-01  0.1000E-02 -0.5324E+02
  0.7809E-01  0.2486E-01  0.1005E-02 -0.5229E+02
  0.7823E-01  0.2484E-01  0.1017E-02 -0.5136E+02
  0.7836E-01  0.2485E-01  0.1024E-02 -0.5113E+02
  0.7849E-01  0.2497E-01  0.8449E-03 -0.5094E+02
  0.7863E-01  0.2388E-01  0.1655E-02 -0.5040E+02
  0.7876E-01  0.2388E-01  0.1639E-02 -0.4942E+02
  0.7889E-01  0.2385E-01  0.4044E-03 -0.4845E+02
  0.7902E-01  0.2385E-01  0.4042E-03 -0.4763E+02
  0.7916E-01  0.2385E-01  0.4005E-03 -0.4670E+02
  0.7929E-01  0.2384E-01  0.8283E-03 -0.4551E+02
  0.7942E-01  0.2384E-01  0.8277E-03 -0.4410E+02
  0.7955E-01  0.2324E-01  0.8440E-03 -0.4306E+02
  0.7969E-01  0.2276E-01  0.1842E-03 -0.4245E+02
  0.7982E-01  0.2255E-01 -0.1270E-03 -0.4186E+02
  0.7995E-01  0.2257E-01 -0.1432E-03 -0.4042E+02
  0.8008E-01  0.2258E-01 -0.1498E-03 -0.3855E+02
