Time engk1       engi1       
  0.3410E-04  0.3238E+07  0.1178E+00
  0.6820E-04  0.3238E+07  0.1612E+01
  0.1023E-03  0.3237E+07  0.6784E+01
  0.1364E-03  0.3237E+07  0.1806E+02
  0.1705E-03  0.3237E+07  0.3724E+02
  0.2046E-03  0.3237E+07  0.6536E+02
  0.2387E-03  0.3237E+07  0.1026E+03
  0.2728E-03  0.3237E+07  0.1486E+03
  0.3069E-03  0.3237E+07  0.2027E+03
  0.3410E-03  0.3237E+07  0.2638E+03
  0.3751E-03  0.3237E+07  0.3306E+03
  0.4092E-03  0.3237E+07  0.4021E+03
  0.4433E-03  0.3237E+07  0.4771E+03
  0.4774E-03  0.3236E+07  0.5544E+03
  0.5115E-03  0.3236E+07  0.6328E+03
  0.5456E-03  0.3236E+07  0.7115E+03
  0.5797E-03  0.3236E+07  0.7922E+03
  0.6138E-03  0.3236E+07  0.8731E+03
  0.6479E-03  0.3236E+07  0.9537E+03
  0.6820E-03  0.3236E+07  0.1033E+04
  0.7161E-03  0.3236E+07  0.1112E+04
  0.7502E-03  0.3236E+07  0.1189E+04
  0.7843E-03  0.3235E+07  0.1264E+04
  0.8184E-03  0.3235E+07  0.1339E+04
  0.8525E-03  0.3235E+07  0.1413E+04
  0.8866E-03  0.3235E+07  0.1486E+04
  0.9207E-03  0.3235E+07  0.1560E+04
  0.9548E-03  0.3235E+07  0.1634E+04
  0.9889E-03  0.3235E+07  0.1709E+04
  0.1023E-02  0.3235E+07  0.1785E+04
  0.1057E-02  0.3235E+07  0.1868E+04
  0.1091E-02  0.3234E+07  0.1958E+04
  0.1125E-02  0.3234E+07  0.2054E+04
  0.1159E-02  0.3234E+07  0.2155E+04
  0.1193E-02  0.3234E+07  0.2260E+04
  0.1228E-02  0.3234E+07  0.2369E+04
  0.1262E-02  0.3234E+07  0.2482E+04
  0.1296E-02  0.3234E+07  0.2596E+04
  0.1330E-02  0.3234E+07  0.2712E+04
  0.1364E-02  0.3233E+07  0.2829E+04
  0.1398E-02  0.3233E+07  0.2947E+04
  0.1432E-02  0.3233E+07  0.3069E+04
  0.1466E-02  0.3233E+07  0.3196E+04
  0.1500E-02  0.3233E+07  0.3329E+04
  0.1534E-02  0.3233E+07  0.3463E+04
  0.1569E-02  0.3233E+07  0.3596E+04
  0.1603E-02  0.3232E+07  0.3729E+04
  0.1637E-02  0.3232E+07  0.3861E+04
  0.1671E-02  0.3232E+07  0.3992E+04
  0.1705E-02  0.3232E+07  0.4124E+04
  0.1739E-02  0.3232E+07  0.4255E+04
  0.1773E-02  0.3232E+07  0.4387E+04
  0.1807E-02  0.3231E+07  0.4519E+04
  0.1841E-02  0.3231E+07  0.4652E+04
  0.1875E-02  0.3231E+07  0.4785E+04
  0.1910E-02  0.3231E+07  0.4919E+04
  0.1944E-02  0.3231E+07  0.5055E+04
  0.1978E-02  0.3231E+07  0.5194E+04
  0.2012E-02  0.3231E+07  0.5339E+04
  0.2046E-02  0.3230E+07  0.5486E+04
  0.2080E-02  0.3230E+07  0.5634E+04
  0.2114E-02  0.3230E+07  0.5785E+04
  0.2148E-02  0.3230E+07  0.5938E+04
  0.2182E-02  0.3230E+07  0.6094E+04
  0.2216E-02  0.3229E+07  0.6245E+04
  0.2251E-02  0.3229E+07  0.6390E+04
  0.2285E-02  0.3229E+07  0.6535E+04
  0.2319E-02  0.3229E+07  0.6681E+04
  0.2353E-02  0.3229E+07  0.6826E+04
  0.2387E-02  0.3229E+07  0.6970E+04
  0.2421E-02  0.3228E+07  0.7111E+04
  0.2455E-02  0.3228E+07  0.7249E+04
  0.2489E-02  0.3228E+07  0.7387E+04
  0.2523E-02  0.3228E+07  0.7516E+04
  0.2557E-02  0.3228E+07  0.7647E+04
  0.2592E-02  0.3228E+07  0.7780E+04
  0.2626E-02  0.3227E+07  0.7912E+04
  0.2660E-02  0.3227E+07  0.8045E+04
  0.2694E-02  0.3227E+07  0.8176E+04
  0.2728E-02  0.3227E+07  0.8306E+04
  0.2762E-02  0.3227E+07  0.8437E+04
  0.2796E-02  0.3227E+07  0.8567E+04
  0.2830E-02  0.3226E+07  0.8697E+04
  0.2864E-02  0.3226E+07  0.8828E+04
  0.2898E-02  0.3226E+07  0.8960E+04
  0.2933E-02  0.3226E+07  0.9093E+04
  0.2967E-02  0.3226E+07  0.9227E+04
  0.3001E-02  0.3226E+07  0.9362E+04
  0.3035E-02  0.3225E+07  0.9498E+04
  0.3069E-02  0.3225E+07  0.9644E+04
  0.3103E-02  0.3225E+07  0.9796E+04
  0.3137E-02  0.3225E+07  0.9950E+04
  0.3171E-02  0.3225E+07  0.1011E+05
  0.3205E-02  0.3224E+07  0.1026E+05
  0.3239E-02  0.3224E+07  0.1042E+05
  0.3273E-02  0.3224E+07  0.1058E+05
  0.3308E-02  0.3224E+07  0.1074E+05
  0.3342E-02  0.3224E+07  0.1089E+05
  0.3376E-02  0.3224E+07  0.1105E+05
  0.3410E-02  0.3223E+07  0.1120E+05
  0.3444E-02  0.3223E+07  0.1136E+05
  0.3478E-02  0.3223E+07  0.1151E+05
  0.3512E-02  0.3223E+07  0.1167E+05
  0.3546E-02  0.3223E+07  0.1183E+05
  0.3580E-02  0.3223E+07  0.1199E+05
  0.3614E-02  0.3222E+07  0.1216E+05
  0.3649E-02  0.3222E+07  0.1232E+05
  0.3683E-02  0.3222E+07  0.1250E+05
  0.3717E-02  0.3222E+07  0.1267E+05
  0.3751E-02  0.3221E+07  0.1285E+05
  0.3785E-02  0.3221E+07  0.1302E+05
  0.3819E-02  0.3221E+07  0.1320E+05
  0.3853E-02  0.3221E+07  0.1339E+05
  0.3887E-02  0.3221E+07  0.1356E+05
  0.3921E-02  0.3220E+07  0.1374E+05
  0.3955E-02  0.3220E+07  0.1392E+05
  0.3990E-02  0.3220E+07  0.1410E+05
  0.4024E-02  0.3220E+07  0.1428E+05
  0.4058E-02  0.3220E+07  0.1446E+05
  0.4092E-02  0.3219E+07  0.1465E+05
  0.4126E-02  0.3219E+07  0.1484E+05
  0.4160E-02  0.3219E+07  0.1503E+05
  0.4194E-02  0.3219E+07  0.1522E+05
  0.4228E-02  0.3218E+07  0.1541E+05
  0.4262E-02  0.3218E+07  0.1559E+05
  0.4296E-02  0.3218E+07  0.1578E+05
  0.4331E-02  0.3218E+07  0.1596E+05
  0.4365E-02  0.3218E+07  0.1614E+05
  0.4399E-02  0.3217E+07  0.1632E+05
  0.4433E-02  0.3217E+07  0.1650E+05
  0.4467E-02  0.3217E+07  0.1668E+05
  0.4501E-02  0.3217E+07  0.1686E+05
  0.4535E-02  0.3217E+07  0.1703E+05
  0.4569E-02  0.3216E+07  0.1722E+05
  0.4603E-02  0.3216E+07  0.1739E+05
  0.4637E-02  0.3216E+07  0.1757E+05
  0.4672E-02  0.3216E+07  0.1774E+05
  0.4706E-02  0.3216E+07  0.1792E+05
  0.4740E-02  0.3215E+07  0.1810E+05
  0.4774E-02  0.3215E+07  0.1829E+05
  0.4808E-02  0.3215E+07  0.1848E+05
  0.4842E-02  0.3215E+07  0.1868E+05
  0.4876E-02  0.3214E+07  0.1887E+05
  0.4910E-02  0.3214E+07  0.1907E+05
  0.4944E-02  0.3214E+07  0.1927E+05
  0.4978E-02  0.3214E+07  0.1946E+05
  0.5013E-02  0.3213E+07  0.1966E+05
  0.5047E-02  0.3213E+07  0.1985E+05
  0.5081E-02  0.3213E+07  0.2004E+05
  0.5115E-02  0.3213E+07  0.2023E+05
  0.5149E-02  0.3213E+07  0.2043E+05
  0.5183E-02  0.3212E+07  0.2062E+05
  0.5217E-02  0.3212E+07  0.2082E+05
  0.5251E-02  0.3212E+07  0.2101E+05
  0.5285E-02  0.3212E+07  0.2121E+05
  0.5319E-02  0.3211E+07  0.2141E+05
  0.5354E-02  0.3211E+07  0.2161E+05
  0.5388E-02  0.3211E+07  0.2181E+05
  0.5422E-02  0.3211E+07  0.2202E+05
  0.5456E-02  0.3210E+07  0.2224E+05
  0.5490E-02  0.3210E+07  0.2246E+05
  0.5524E-02  0.3210E+07  0.2269E+05
  0.5558E-02  0.3209E+07  0.2293E+05
  0.5592E-02  0.3209E+07  0.2317E+05
  0.5626E-02  0.3209E+07  0.2341E+05
  0.5660E-02  0.3209E+07  0.2365E+05
  0.5695E-02  0.3208E+07  0.2390E+05
  0.5729E-02  0.3208E+07  0.2414E+05
  0.5763E-02  0.3208E+07  0.2439E+05
  0.5797E-02  0.3207E+07  0.2464E+05
  0.5831E-02  0.3207E+07  0.2488E+05
  0.5865E-02  0.3207E+07  0.2513E+05
  0.5899E-02  0.3207E+07  0.2537E+05
  0.5933E-02  0.3206E+07  0.2561E+05
  0.5967E-02  0.3206E+07  0.2586E+05
  0.6001E-02  0.3206E+07  0.2610E+05
  0.6036E-02  0.3205E+07  0.2635E+05
  0.6070E-02  0.3205E+07  0.2660E+05
  0.6104E-02  0.3205E+07  0.2685E+05
  0.6138E-02  0.3205E+07  0.2709E+05
  0.6172E-02  0.3204E+07  0.2734E+05
  0.6206E-02  0.3204E+07  0.2759E+05
  0.6240E-02  0.3204E+07  0.2784E+05
  0.6274E-02  0.3203E+07  0.2809E+05
  0.6308E-02  0.3203E+07  0.2834E+05
  0.6342E-02  0.3203E+07  0.2860E+05
  0.6376E-02  0.3203E+07  0.2885E+05
  0.6411E-02  0.3202E+07  0.2911E+05
  0.6445E-02  0.3202E+07  0.2937E+05
  0.6479E-02  0.3202E+07  0.2963E+05
  0.6513E-02  0.3201E+07  0.2989E+05
  0.6547E-02  0.3201E+07  0.3015E+05
  0.6581E-02  0.3201E+07  0.3041E+05
  0.6615E-02  0.3201E+07  0.3067E+05
  0.6649E-02  0.3200E+07  0.3094E+05
  0.6683E-02  0.3200E+07  0.3123E+05
  0.6717E-02  0.3200E+07  0.3151E+05
  0.6752E-02  0.3199E+07  0.3181E+05
  0.6786E-02  0.3199E+07  0.3210E+05
  0.6820E-02  0.3199E+07  0.3239E+05
  0.6854E-02  0.3198E+07  0.3269E+05
  0.6888E-02  0.3198E+07  0.3298E+05
  0.6922E-02  0.3198E+07  0.3327E+05
  0.6956E-02  0.3198E+07  0.3357E+05
  0.6990E-02  0.3197E+07  0.3387E+05
  0.7024E-02  0.3197E+07  0.3417E+05
  0.7058E-02  0.3197E+07  0.3447E+05
  0.7093E-02  0.3196E+07  0.3478E+05
  0.7127E-02  0.3196E+07  0.3509E+05
  0.7161E-02  0.3196E+07  0.3540E+05
  0.7195E-02  0.3195E+07  0.3572E+05
  0.7229E-02  0.3195E+07  0.3604E+05
  0.7263E-02  0.3195E+07  0.3636E+05
  0.7297E-02  0.3194E+07  0.3668E+05
  0.7331E-02  0.3194E+07  0.3700E+05
  0.7365E-02  0.3194E+07  0.3732E+05
  0.7399E-02  0.3193E+07  0.3765E+05
  0.7434E-02  0.3193E+07  0.3796E+05
  0.7468E-02  0.3193E+07  0.3828E+05
  0.7502E-02  0.3192E+07  0.3860E+05
  0.7536E-02  0.3192E+07  0.3891E+05
  0.7570E-02  0.3192E+07  0.3922E+05
  0.7604E-02  0.3191E+07  0.3953E+05
  0.7638E-02  0.3191E+07  0.3982E+05
  0.7672E-02  0.3191E+07  0.4012E+05
  0.7706E-02  0.3190E+07  0.4041E+05
  0.7740E-02  0.3190E+07  0.4071E+05
  0.7775E-02  0.3190E+07  0.4100E+05
  0.7809E-02  0.3189E+07  0.4129E+05
  0.7843E-02  0.3189E+07  0.4159E+05
  0.7877E-02  0.3189E+07  0.4188E+05
  0.7911E-02  0.3188E+07  0.4218E+05
  0.7945E-02  0.3188E+07  0.4249E+05
  0.7979E-02  0.3188E+07  0.4279E+05
  0.8013E-02  0.3187E+07  0.4310E+05
  0.8047E-02  0.3187E+07  0.4341E+05
  0.8081E-02  0.3187E+07  0.4372E+05
  0.8116E-02  0.3186E+07  0.4403E+05
  0.8150E-02  0.3186E+07  0.4433E+05
  0.8184E-02  0.3186E+07  0.4464E+05
  0.8218E-02  0.3185E+07  0.4494E+05
  0.8252E-02  0.3185E+07  0.4525E+05
  0.8286E-02  0.3185E+07  0.4556E+05
  0.8320E-02  0.3184E+07  0.4587E+05
  0.8354E-02  0.3184E+07  0.4618E+05
  0.8388E-02  0.3184E+07  0.4649E+05
  0.8422E-02  0.3183E+07  0.4679E+05
  0.8457E-02  0.3183E+07  0.4710E+05
  0.8491E-02  0.3183E+07  0.4740E+05
  0.8525E-02  0.3183E+07  0.4769E+05
  0.8559E-02  0.3182E+07  0.4799E+05
  0.8593E-02  0.3182E+07  0.4829E+05
  0.8627E-02  0.3182E+07  0.4858E+05
  0.8661E-02  0.3181E+07  0.4887E+05
  0.8695E-02  0.3181E+07  0.4915E+05
  0.8729E-02  0.3181E+07  0.4943E+05
  0.8763E-02  0.3180E+07  0.4971E+05
  0.8798E-02  0.3180E+07  0.5000E+05
  0.8832E-02  0.3180E+07  0.5029E+05
  0.8866E-02  0.3179E+07  0.5059E+05
  0.8900E-02  0.3179E+07  0.5089E+05
  0.8934E-02  0.3179E+07  0.5120E+05
  0.8968E-02  0.3178E+07  0.5151E+05
  0.9002E-02  0.3178E+07  0.5182E+05
  0.9036E-02  0.3178E+07  0.5214E+05
  0.9070E-02  0.3177E+07  0.5246E+05
  0.9104E-02  0.3177E+07  0.5278E+05
  0.9138E-02  0.3177E+07  0.5311E+05
  0.9173E-02  0.3176E+07  0.5344E+05
  0.9207E-02  0.3176E+07  0.5378E+05
  0.9241E-02  0.3175E+07  0.5412E+05
  0.9275E-02  0.3175E+07  0.5446E+05
  0.9309E-02  0.3175E+07  0.5481E+05
  0.9343E-02  0.3174E+07  0.5515E+05
  0.9377E-02  0.3174E+07  0.5550E+05
  0.9411E-02  0.3174E+07  0.5585E+05
  0.9445E-02  0.3173E+07  0.5620E+05
  0.9479E-02  0.3173E+07  0.5656E+05
  0.9514E-02  0.3172E+07  0.5690E+05
  0.9548E-02  0.3172E+07  0.5724E+05
  0.9582E-02  0.3172E+07  0.5758E+05
  0.9616E-02  0.3171E+07  0.5791E+05
  0.9650E-02  0.3171E+07  0.5824E+05
  0.9684E-02  0.3171E+07  0.5856E+05
  0.9718E-02  0.3170E+07  0.5886E+05
  0.9752E-02  0.3170E+07  0.5916E+05
  0.9786E-02  0.3170E+07  0.5945E+05
  0.9820E-02  0.3169E+07  0.5974E+05
  0.9855E-02  0.3169E+07  0.6002E+05
  0.9889E-02  0.3169E+07  0.6032E+05
  0.9923E-02  0.3168E+07  0.6061E+05
  0.9957E-02  0.3168E+07  0.6092E+05
  0.9991E-02  0.3168E+07  0.6123E+05
  0.1003E-01  0.3168E+07  0.6155E+05
  0.1006E-01  0.3167E+07  0.6188E+05
  0.1009E-01  0.3167E+07  0.6221E+05
  0.1013E-01  0.3166E+07  0.6256E+05
  0.1016E-01  0.3166E+07  0.6290E+05
  0.1020E-01  0.3166E+07  0.6326E+05
  0.1023E-01  0.3165E+07  0.6362E+05
  0.1026E-01  0.3165E+07  0.6397E+05
  0.1030E-01  0.3165E+07  0.6432E+05
  0.1033E-01  0.3164E+07  0.6468E+05
  0.1037E-01  0.3164E+07  0.6503E+05
  0.1040E-01  0.3163E+07  0.6538E+05
  0.1043E-01  0.3163E+07  0.6573E+05
  0.1047E-01  0.3163E+07  0.6607E+05
  0.1050E-01  0.3162E+07  0.6641E+05
  0.1054E-01  0.3162E+07  0.6675E+05
  0.1057E-01  0.3162E+07  0.6709E+05
  0.1060E-01  0.3161E+07  0.6742E+05
  0.1064E-01  0.3161E+07  0.6775E+05
  0.1067E-01  0.3160E+07  0.6809E+05
  0.1071E-01  0.3160E+07  0.6842E+05
  0.1074E-01  0.3160E+07  0.6875E+05
  0.1078E-01  0.3159E+07  0.6909E+05
  0.1081E-01  0.3159E+07  0.6942E+05
  0.1084E-01  0.3159E+07  0.6974E+05
  0.1088E-01  0.3158E+07  0.7006E+05
  0.1091E-01  0.3158E+07  0.7039E+05
  0.1095E-01  0.3158E+07  0.7071E+05
  0.1098E-01  0.3157E+07  0.7104E+05
  0.1101E-01  0.3157E+07  0.7137E+05
  0.1105E-01  0.3156E+07  0.7170E+05
  0.1108E-01  0.3156E+07  0.7205E+05
  0.1112E-01  0.3156E+07  0.7241E+05
  0.1115E-01  0.3155E+07  0.7276E+05
  0.1118E-01  0.3155E+07  0.7312E+05
  0.1122E-01  0.3155E+07  0.7349E+05
  0.1125E-01  0.3154E+07  0.7387E+05
  0.1129E-01  0.3154E+07  0.7424E+05
  0.1132E-01  0.3153E+07  0.7461E+05
  0.1135E-01  0.3153E+07  0.7499E+05
  0.1139E-01  0.3153E+07  0.7536E+05
  0.1142E-01  0.3152E+07  0.7574E+05
  0.1146E-01  0.3152E+07  0.7611E+05
  0.1149E-01  0.3151E+07  0.7648E+05
  0.1153E-01  0.3151E+07  0.7685E+05
  0.1156E-01  0.3151E+07  0.7721E+05
  0.1159E-01  0.3150E+07  0.7757E+05
  0.1163E-01  0.3150E+07  0.7792E+05
  0.1166E-01  0.3150E+07  0.7827E+05
  0.1170E-01  0.3149E+07  0.7861E+05
  0.1173E-01  0.3149E+07  0.7894E+05
  0.1176E-01  0.3149E+07  0.7928E+05
  0.1180E-01  0.3148E+07  0.7961E+05
  0.1183E-01  0.3148E+07  0.7994E+05
  0.1187E-01  0.3147E+07  0.8027E+05
  0.1190E-01  0.3147E+07  0.8062E+05
  0.1193E-01  0.3147E+07  0.8098E+05
  0.1197E-01  0.3146E+07  0.8136E+05
  0.1200E-01  0.3146E+07  0.8175E+05
  0.1204E-01  0.3146E+07  0.8215E+05
  0.1207E-01  0.3145E+07  0.8256E+05
  0.1211E-01  0.3145E+07  0.8299E+05
  0.1214E-01  0.3144E+07  0.8342E+05
  0.1217E-01  0.3144E+07  0.8386E+05
  0.1221E-01  0.3143E+07  0.8431E+05
  0.1224E-01  0.3143E+07  0.8475E+05
  0.1228E-01  0.3142E+07  0.8520E+05
  0.1231E-01  0.3142E+07  0.8566E+05
  0.1234E-01  0.3141E+07  0.8610E+05
  0.1238E-01  0.3141E+07  0.8655E+05
  0.1241E-01  0.3141E+07  0.8699E+05
  0.1245E-01  0.3140E+07  0.8743E+05
  0.1248E-01  0.3140E+07  0.8785E+05
  0.1251E-01  0.3139E+07  0.8828E+05
  0.1255E-01  0.3139E+07  0.8869E+05
  0.1258E-01  0.3138E+07  0.8910E+05
  0.1262E-01  0.3138E+07  0.8951E+05
  0.1265E-01  0.3137E+07  0.8991E+05
  0.1268E-01  0.3137E+07  0.9031E+05
  0.1272E-01  0.3137E+07  0.9071E+05
  0.1275E-01  0.3136E+07  0.9112E+05
  0.1279E-01  0.3136E+07  0.9152E+05
  0.1282E-01  0.3135E+07  0.9193E+05
  0.1286E-01  0.3135E+07  0.9233E+05
  0.1289E-01  0.3134E+07  0.9273E+05
  0.1292E-01  0.3134E+07  0.9312E+05
  0.1296E-01  0.3134E+07  0.9352E+05
  0.1299E-01  0.3133E+07  0.9392E+05
  0.1303E-01  0.3133E+07  0.9432E+05
  0.1306E-01  0.3132E+07  0.9472E+05
  0.1309E-01  0.3132E+07  0.9513E+05
  0.1313E-01  0.3131E+07  0.9555E+05
  0.1316E-01  0.3131E+07  0.9597E+05
  0.1320E-01  0.3130E+07  0.9638E+05
  0.1323E-01  0.3130E+07  0.9680E+05
  0.1326E-01  0.3130E+07  0.9722E+05
  0.1330E-01  0.3129E+07  0.9764E+05
  0.1333E-01  0.3129E+07  0.9806E+05
  0.1337E-01  0.3128E+07  0.9848E+05
  0.1340E-01  0.3128E+07  0.9889E+05
  0.1343E-01  0.3127E+07  0.9930E+05
  0.1347E-01  0.3127E+07  0.9970E+05
  0.1350E-01  0.3127E+07  0.1001E+06
  0.1354E-01  0.3126E+07  0.1005E+06
  0.1357E-01  0.3126E+07  0.1009E+06
  0.1361E-01  0.3125E+07  0.1012E+06
  0.1364E-01  0.3125E+07  0.1016E+06
  0.1367E-01  0.3125E+07  0.1019E+06
  0.1371E-01  0.3124E+07  0.1023E+06
  0.1374E-01  0.3124E+07  0.1026E+06
  0.1378E-01  0.3124E+07  0.1030E+06
  0.1381E-01  0.3123E+07  0.1033E+06
  0.1384E-01  0.3123E+07  0.1037E+06
  0.1388E-01  0.3122E+07  0.1040E+06
  0.1391E-01  0.3122E+07  0.1044E+06
  0.1395E-01  0.3122E+07  0.1048E+06
  0.1398E-01  0.3121E+07  0.1052E+06
  0.1401E-01  0.3121E+07  0.1056E+06
  0.1405E-01  0.3120E+07  0.1061E+06
  0.1408E-01  0.3120E+07  0.1066E+06
  0.1412E-01  0.3119E+07  0.1071E+06
  0.1415E-01  0.3119E+07  0.1076E+06
  0.1419E-01  0.3118E+07  0.1081E+06
  0.1422E-01  0.3118E+07  0.1086E+06
  0.1425E-01  0.3117E+07  0.1091E+06
  0.1429E-01  0.3116E+07  0.1096E+06
  0.1432E-01  0.3116E+07  0.1101E+06
  0.1436E-01  0.3115E+07  0.1106E+06
  0.1439E-01  0.3115E+07  0.1111E+06
  0.1442E-01  0.3114E+07  0.1116E+06
  0.1446E-01  0.3114E+07  0.1121E+06
  0.1449E-01  0.3113E+07  0.1126E+06
  0.1453E-01  0.3113E+07  0.1130E+06
  0.1456E-01  0.3112E+07  0.1135E+06
  0.1459E-01  0.3112E+07  0.1139E+06
  0.1463E-01  0.3111E+07  0.1144E+06
  0.1466E-01  0.3111E+07  0.1148E+06
  0.1470E-01  0.3111E+07  0.1152E+06
  0.1473E-01  0.3110E+07  0.1157E+06
  0.1476E-01  0.3110E+07  0.1161E+06
  0.1480E-01  0.3109E+07  0.1165E+06
  0.1483E-01  0.3109E+07  0.1170E+06
  0.1487E-01  0.3108E+07  0.1174E+06
  0.1490E-01  0.3108E+07  0.1178E+06
  0.1494E-01  0.3108E+07  0.1182E+06
  0.1497E-01  0.3107E+07  0.1187E+06
  0.1500E-01  0.3107E+07  0.1191E+06
  0.1504E-01  0.3106E+07  0.1195E+06
  0.1507E-01  0.3106E+07  0.1199E+06
  0.1511E-01  0.3105E+07  0.1203E+06
  0.1514E-01  0.3105E+07  0.1207E+06
  0.1517E-01  0.3105E+07  0.1211E+06
  0.1521E-01  0.3104E+07  0.1215E+06
  0.1524E-01  0.3104E+07  0.1220E+06
  0.1528E-01  0.3103E+07  0.1224E+06
  0.1531E-01  0.3103E+07  0.1228E+06
  0.1534E-01  0.3102E+07  0.1233E+06
  0.1538E-01  0.3102E+07  0.1238E+06
  0.1541E-01  0.3102E+07  0.1242E+06
  0.1545E-01  0.3101E+07  0.1247E+06
  0.1548E-01  0.3101E+07  0.1251E+06
  0.1551E-01  0.3100E+07  0.1256E+06
  0.1555E-01  0.3100E+07  0.1260E+06
  0.1558E-01  0.3099E+07  0.1264E+06
  0.1562E-01  0.3099E+07  0.1268E+06
  0.1565E-01  0.3099E+07  0.1272E+06
  0.1569E-01  0.3098E+07  0.1276E+06
  0.1572E-01  0.3098E+07  0.1280E+06
  0.1575E-01  0.3097E+07  0.1283E+06
  0.1579E-01  0.3097E+07  0.1287E+06
  0.1582E-01  0.3097E+07  0.1291E+06
  0.1586E-01  0.3096E+07  0.1294E+06
  0.1589E-01  0.3096E+07  0.1298E+06
  0.1592E-01  0.3096E+07  0.1302E+06
  0.1596E-01  0.3095E+07  0.1306E+06
  0.1599E-01  0.3095E+07  0.1310E+06
  0.1603E-01  0.3094E+07  0.1315E+06
  0.1606E-01  0.3094E+07  0.1319E+06
  0.1609E-01  0.3093E+07  0.1324E+06
  0.1613E-01  0.3093E+07  0.1329E+06
  0.1616E-01  0.3092E+07  0.1333E+06
  0.1620E-01  0.3092E+07  0.1338E+06
  0.1623E-01  0.3091E+07  0.1343E+06
  0.1627E-01  0.3091E+07  0.1348E+06
  0.1630E-01  0.3090E+07  0.1352E+06
  0.1633E-01  0.3090E+07  0.1357E+06
  0.1637E-01  0.3089E+07  0.1362E+06
  0.1640E-01  0.3089E+07  0.1367E+06
  0.1644E-01  0.3088E+07  0.1372E+06
  0.1647E-01  0.3088E+07  0.1377E+06
  0.1650E-01  0.3087E+07  0.1382E+06
  0.1654E-01  0.3087E+07  0.1386E+06
  0.1657E-01  0.3086E+07  0.1391E+06
  0.1661E-01  0.3086E+07  0.1396E+06
  0.1664E-01  0.3085E+07  0.1400E+06
  0.1667E-01  0.3085E+07  0.1405E+06
  0.1671E-01  0.3084E+07  0.1409E+06
  0.1674E-01  0.3084E+07  0.1413E+06
  0.1678E-01  0.3083E+07  0.1418E+06
  0.1681E-01  0.3083E+07  0.1422E+06
  0.1684E-01  0.3082E+07  0.1427E+06
  0.1688E-01  0.3082E+07  0.1431E+06
  0.1691E-01  0.3081E+07  0.1435E+06
  0.1695E-01  0.3081E+07  0.1439E+06
  0.1698E-01  0.3081E+07  0.1443E+06
  0.1702E-01  0.3080E+07  0.1447E+06
  0.1705E-01  0.3080E+07  0.1451E+06
  0.1708E-01  0.3079E+07  0.1455E+06
  0.1712E-01  0.3079E+07  0.1459E+06
  0.1715E-01  0.3078E+07  0.1463E+06
  0.1719E-01  0.3078E+07  0.1467E+06
  0.1722E-01  0.3078E+07  0.1472E+06
  0.1725E-01  0.3077E+07  0.1476E+06
  0.1729E-01  0.3077E+07  0.1480E+06
  0.1732E-01  0.3076E+07  0.1485E+06
  0.1736E-01  0.3076E+07  0.1489E+06
  0.1739E-01  0.3075E+07  0.1494E+06
  0.1742E-01  0.3075E+07  0.1499E+06
  0.1746E-01  0.3074E+07  0.1504E+06
  0.1749E-01  0.3074E+07  0.1509E+06
  0.1753E-01  0.3073E+07  0.1514E+06
  0.1756E-01  0.3073E+07  0.1519E+06
  0.1760E-01  0.3072E+07  0.1524E+06
  0.1763E-01  0.3072E+07  0.1529E+06
  0.1766E-01  0.3071E+07  0.1534E+06
  0.1770E-01  0.3071E+07  0.1539E+06
  0.1773E-01  0.3070E+07  0.1544E+06
  0.1777E-01  0.3070E+07  0.1549E+06
  0.1780E-01  0.3069E+07  0.1553E+06
  0.1783E-01  0.3069E+07  0.1558E+06
  0.1787E-01  0.3068E+07  0.1562E+06
  0.1790E-01  0.3068E+07  0.1567E+06
  0.1794E-01  0.3067E+07  0.1572E+06
  0.1797E-01  0.3067E+07  0.1577E+06
  0.1800E-01  0.3066E+07  0.1581E+06
  0.1804E-01  0.3065E+07  0.1586E+06
  0.1807E-01  0.3065E+07  0.1591E+06
  0.1811E-01  0.3064E+07  0.1596E+06
  0.1814E-01  0.3064E+07  0.1601E+06
  0.1817E-01  0.3063E+07  0.1606E+06
  0.1821E-01  0.3063E+07  0.1611E+06
  0.1824E-01  0.3062E+07  0.1616E+06
  0.1828E-01  0.3062E+07  0.1621E+06
  0.1831E-01  0.3061E+07  0.1626E+06
  0.1835E-01  0.3061E+07  0.1631E+06
  0.1838E-01  0.3060E+07  0.1636E+06
  0.1841E-01  0.3059E+07  0.1641E+06
  0.1845E-01  0.3059E+07  0.1646E+06
  0.1848E-01  0.3058E+07  0.1651E+06
  0.1852E-01  0.3058E+07  0.1655E+06
  0.1855E-01  0.3057E+07  0.1660E+06
  0.1858E-01  0.3057E+07  0.1665E+06
  0.1862E-01  0.3056E+07  0.1670E+06
  0.1865E-01  0.3056E+07  0.1675E+06
  0.1869E-01  0.3055E+07  0.1680E+06
  0.1872E-01  0.3055E+07  0.1685E+06
  0.1875E-01  0.3054E+07  0.1689E+06
  0.1879E-01  0.3054E+07  0.1694E+06
  0.1882E-01  0.3053E+07  0.1699E+06
  0.1886E-01  0.3053E+07  0.1703E+06
  0.1889E-01  0.3052E+07  0.1708E+06
  0.1892E-01  0.3052E+07  0.1712E+06
  0.1896E-01  0.3051E+07  0.1717E+06
  0.1899E-01  0.3051E+07  0.1721E+06
  0.1903E-01  0.3051E+07  0.1725E+06
  0.1906E-01  0.3050E+07  0.1729E+06
  0.1910E-01  0.3050E+07  0.1732E+06
  0.1913E-01  0.3049E+07  0.1736E+06
  0.1916E-01  0.3049E+07  0.1740E+06
  0.1920E-01  0.3048E+07  0.1744E+06
  0.1923E-01  0.3048E+07  0.1748E+06
  0.1927E-01  0.3048E+07  0.1752E+06
  0.1930E-01  0.3047E+07  0.1756E+06
  0.1933E-01  0.3047E+07  0.1761E+06
  0.1937E-01  0.3046E+07  0.1766E+06
  0.1940E-01  0.3046E+07  0.1771E+06
  0.1944E-01  0.3045E+07  0.1776E+06
  0.1947E-01  0.3045E+07  0.1781E+06
  0.1950E-01  0.3044E+07  0.1786E+06
  0.1954E-01  0.3043E+07  0.1791E+06
  0.1957E-01  0.3043E+07  0.1797E+06
  0.1961E-01  0.3042E+07  0.1802E+06
  0.1964E-01  0.3042E+07  0.1807E+06
  0.1968E-01  0.3041E+07  0.1811E+06
  0.1971E-01  0.3041E+07  0.1816E+06
  0.1974E-01  0.3040E+07  0.1821E+06
  0.1978E-01  0.3040E+07  0.1825E+06
  0.1981E-01  0.3039E+07  0.1829E+06
  0.1985E-01  0.3039E+07  0.1834E+06
  0.1988E-01  0.3038E+07  0.1838E+06
  0.1991E-01  0.3038E+07  0.1842E+06
  0.1995E-01  0.3038E+07  0.1847E+06
  0.1998E-01  0.3037E+07  0.1851E+06
  0.2002E-01  0.3037E+07  0.1856E+06
  0.2005E-01  0.3036E+07  0.1860E+06
  0.2008E-01  0.3036E+07  0.1865E+06
  0.2012E-01  0.3035E+07  0.1869E+06
  0.2015E-01  0.3035E+07  0.1874E+06
  0.2019E-01  0.3034E+07  0.1879E+06
  0.2022E-01  0.3034E+07  0.1884E+06
  0.2025E-01  0.3033E+07  0.1889E+06
  0.2029E-01  0.3033E+07  0.1894E+06
  0.2032E-01  0.3032E+07  0.1899E+06
  0.2036E-01  0.3032E+07  0.1904E+06
  0.2039E-01  0.3031E+07  0.1909E+06
  0.2043E-01  0.3031E+07  0.1914E+06
  0.2046E-01  0.3030E+07  0.1918E+06
  0.2049E-01  0.3030E+07  0.1923E+06
  0.2053E-01  0.3029E+07  0.1928E+06
  0.2056E-01  0.3029E+07  0.1933E+06
  0.2060E-01  0.3028E+07  0.1938E+06
  0.2063E-01  0.3028E+07  0.1943E+06
  0.2066E-01  0.3027E+07  0.1948E+06
  0.2070E-01  0.3027E+07  0.1953E+06
  0.2073E-01  0.3026E+07  0.1958E+06
  0.2077E-01  0.3026E+07  0.1963E+06
  0.2080E-01  0.3025E+07  0.1968E+06
  0.2083E-01  0.3025E+07  0.1974E+06
  0.2087E-01  0.3024E+07  0.1979E+06
  0.2090E-01  0.3024E+07  0.1984E+06
  0.2094E-01  0.3023E+07  0.1989E+06
  0.2097E-01  0.3022E+07  0.1995E+06
  0.2100E-01  0.3022E+07  0.2000E+06
  0.2104E-01  0.3021E+07  0.2005E+06
  0.2107E-01  0.3021E+07  0.2009E+06
  0.2111E-01  0.3020E+07  0.2014E+06
  0.2114E-01  0.3020E+07  0.2019E+06
  0.2118E-01  0.3019E+07  0.2024E+06
  0.2121E-01  0.3019E+07  0.2029E+06
  0.2124E-01  0.3018E+07  0.2034E+06
  0.2128E-01  0.3018E+07  0.2040E+06
  0.2131E-01  0.3017E+07  0.2045E+06
  0.2135E-01  0.3017E+07  0.2050E+06
  0.2138E-01  0.3016E+07  0.2056E+06
  0.2141E-01  0.3015E+07  0.2062E+06
  0.2145E-01  0.3015E+07  0.2067E+06
  0.2148E-01  0.3014E+07  0.2073E+06
  0.2152E-01  0.3014E+07  0.2079E+06
  0.2155E-01  0.3013E+07  0.2085E+06
  0.2158E-01  0.3012E+07  0.2091E+06
  0.2162E-01  0.3012E+07  0.2096E+06
  0.2165E-01  0.3011E+07  0.2102E+06
  0.2169E-01  0.3011E+07  0.2107E+06
  0.2172E-01  0.3010E+07  0.2112E+06
  0.2176E-01  0.3010E+07  0.2117E+06
