Time engk1       engi1       
  0.1326E-03  0.1873E+06  0.2987E+04
  0.2652E-03  0.1829E+06  0.7084E+04
  0.3978E-03  0.1807E+06  0.7209E+04
  0.5304E-03  0.1815E+06  0.6737E+04
  0.6629E-03  0.1811E+06  0.7600E+04
  0.7955E-03  0.1806E+06  0.6983E+04
  0.9281E-03  0.1821E+06  0.5151E+04
  0.1061E-02  0.1832E+06  0.5307E+04
  0.1193E-02  0.1821E+06  0.6464E+04
  0.1326E-02  0.1816E+06  0.6625E+04
  0.1458E-02  0.1812E+06  0.7628E+04
  0.1591E-02  0.1797E+06  0.9204E+04
  0.1724E-02  0.1790E+06  0.9148E+04
  0.1856E-02  0.1795E+06  0.8935E+04
  0.1989E-02  0.1790E+06  0.9754E+04
  0.2121E-02  0.1784E+06  0.9661E+04
  0.2254E-02  0.1791E+06  0.8956E+04
  0.2387E-02  0.1792E+06  0.9575E+04
  0.2519E-02  0.1781E+06  0.1064E+05
  0.2652E-02  0.1775E+06  0.1088E+05
  0.2784E-02  0.1774E+06  0.1151E+05
  0.2917E-02  0.1761E+06  0.1288E+05
  0.3050E-02  0.1753E+06  0.1291E+05
  0.3182E-02  0.1758E+06  0.1257E+05
  0.3315E-02  0.1756E+06  0.1328E+05
  0.3447E-02  0.1748E+06  0.1349E+05
  0.3580E-02  0.1751E+06  0.1308E+05
  0.3712E-02  0.1751E+06  0.1353E+05
  0.3845E-02  0.1744E+06  0.1414E+05
  0.3978E-02  0.1740E+06  0.1449E+05
  0.4110E-02  0.1735E+06  0.1524E+05
  0.4243E-02  0.1726E+06  0.1594E+05
  0.4375E-02  0.1723E+06  0.1613E+05
  0.4508E-02  0.1720E+06  0.1667E+05
  0.4641E-02  0.1713E+06  0.1713E+05
  0.4773E-02  0.1712E+06  0.1706E+05
  0.4906E-02  0.1711E+06  0.1735E+05
  0.5038E-02  0.1707E+06  0.1778E+05
  0.5171E-02  0.1704E+06  0.1801E+05
  0.5304E-02  0.1700E+06  0.1878E+05
  0.5436E-02  0.1691E+06  0.1943E+05
  0.5569E-02  0.1686E+06  0.1980E+05
  0.5701E-02  0.1681E+06  0.2046E+05
  0.5834E-02  0.1675E+06  0.2092E+05
  0.5967E-02  0.1672E+06  0.2107E+05
  0.6099E-02  0.1670E+06  0.2136E+05
  0.6232E-02  0.1667E+06  0.2166E+05
  0.6364E-02  0.1664E+06  0.2194E+05
  0.6497E-02  0.1660E+06  0.2244E+05
  0.6629E-02  0.1654E+06  0.2302E+05
  0.6762E-02  0.1649E+06  0.2350E+05
  0.6895E-02  0.1644E+06  0.2409E+05
  0.7027E-02  0.1637E+06  0.2473E+05
  0.7160E-02  0.1632E+06  0.2512E+05
  0.7292E-02  0.1629E+06  0.2541E+05
  0.7425E-02  0.1626E+06  0.2581E+05
  0.7558E-02  0.1622E+06  0.2617E+05
  0.7690E-02  0.1619E+06  0.2650E+05
  0.7823E-02  0.1614E+06  0.2714E+05
  0.7955E-02  0.1607E+06  0.2775E+05
  0.8088E-02  0.1602E+06  0.2823E+05
  0.8221E-02  0.1596E+06  0.2884E+05
  0.8353E-02  0.1591E+06  0.2931E+05
  0.8486E-02  0.1587E+06  0.2971E+05
  0.8618E-02  0.1582E+06  0.3021E+05
  0.8751E-02  0.1577E+06  0.3058E+05
  0.8883E-02  0.1574E+06  0.3089E+05
  0.9016E-02  0.1571E+06  0.3138E+05
  0.9149E-02  0.1565E+06  0.3187E+05
  0.9281E-02  0.1561E+06  0.3234E+05
  0.9414E-02  0.1555E+06  0.3300E+05
  0.9546E-02  0.1549E+06  0.3361E+05
  0.9679E-02  0.1543E+06  0.3414E+05
  0.9812E-02  0.1538E+06  0.3458E+05
  0.9944E-02  0.1534E+06  0.3495E+05
  0.1008E-01  0.1530E+06  0.3537E+05
  0.1021E-01  0.1526E+06  0.3583E+05
  0.1034E-01  0.1521E+06  0.3636E+05
  0.1047E-01  0.1516E+06  0.3688E+05
  0.1061E-01  0.1511E+06  0.3743E+05
  0.1074E-01  0.1505E+06  0.3798E+05
  0.1087E-01  0.1500E+06  0.3848E+05
  0.1100E-01  0.1495E+06  0.3900E+05
  0.1114E-01  0.1489E+06  0.3953E+05
  0.1127E-01  0.1484E+06  0.4004E+05
  0.1140E-01  0.1479E+06  0.4056E+05
  0.1154E-01  0.1474E+06  0.4104E+05
  0.1167E-01  0.1470E+06  0.4147E+05
  0.1180E-01  0.1465E+06  0.4194E+05
  0.1193E-01  0.1460E+06  0.4251E+05
  0.1207E-01  0.1454E+06  0.4302E+05
  0.1220E-01  0.1450E+06  0.4351E+05
  0.1233E-01  0.1444E+06  0.4407E+05
  0.1246E-01  0.1439E+06  0.4459E+05
  0.1260E-01  0.1434E+06  0.4510E+05
  0.1273E-01  0.1429E+06  0.4560E+05
  0.1286E-01  0.1424E+06  0.4608E+05
  0.1299E-01  0.1419E+06  0.4661E+05
  0.1313E-01  0.1414E+06  0.4715E+05
  0.1326E-01  0.1408E+06  0.4769E+05
  0.1339E-01  0.1403E+06  0.4824E+05
  0.1352E-01  0.1398E+06  0.4876E+05
  0.1366E-01  0.1393E+06  0.4928E+05
  0.1379E-01  0.1387E+06  0.4980E+05
  0.1392E-01  0.1382E+06  0.5032E+05
  0.1405E-01  0.1377E+06  0.5083E+05
  0.1419E-01  0.1372E+06  0.5135E+05
  0.1432E-01  0.1366E+06  0.5190E+05
  0.1445E-01  0.1361E+06  0.5241E+05
  0.1458E-01  0.1356E+06  0.5293E+05
  0.1472E-01  0.1350E+06  0.5351E+05
  0.1485E-01  0.1345E+06  0.5402E+05
  0.1498E-01  0.1340E+06  0.5449E+05
  0.1512E-01  0.1335E+06  0.5500E+05
  0.1525E-01  0.1330E+06  0.5550E+05
  0.1538E-01  0.1325E+06  0.5603E+05
  0.1551E-01  0.1320E+06  0.5658E+05
  0.1565E-01  0.1314E+06  0.5712E+05
  0.1578E-01  0.1309E+06  0.5768E+05
  0.1591E-01  0.1303E+06  0.5821E+05
  0.1604E-01  0.1298E+06  0.5873E+05
  0.1618E-01  0.1293E+06  0.5923E+05
  0.1631E-01  0.1288E+06  0.5972E+05
  0.1644E-01  0.1283E+06  0.6026E+05
  0.1657E-01  0.1277E+06  0.6080E+05
  0.1671E-01  0.1272E+06  0.6137E+05
  0.1684E-01  0.1266E+06  0.6190E+05
  0.1697E-01  0.1261E+06  0.6244E+05
  0.1710E-01  0.1256E+06  0.6299E+05
  0.1724E-01  0.1250E+06  0.6351E+05
  0.1737E-01  0.1245E+06  0.6404E+05
  0.1750E-01  0.1240E+06  0.6457E+05
  0.1763E-01  0.1234E+06  0.6509E+05
  0.1777E-01  0.1229E+06  0.6563E+05
  0.1790E-01  0.1224E+06  0.6618E+05
  0.1803E-01  0.1218E+06  0.6672E+05
  0.1816E-01  0.1213E+06  0.6726E+05
  0.1830E-01  0.1208E+06  0.6778E+05
  0.1843E-01  0.1202E+06  0.6830E+05
  0.1856E-01  0.1197E+06  0.6882E+05
  0.1870E-01  0.1192E+06  0.6936E+05
  0.1883E-01  0.1187E+06  0.6988E+05
  0.1896E-01  0.1181E+06  0.7042E+05
  0.1909E-01  0.1176E+06  0.7095E+05
  0.1923E-01  0.1171E+06  0.7147E+05
  0.1936E-01  0.1165E+06  0.7201E+05
  0.1949E-01  0.1160E+06  0.7255E+05
  0.1962E-01  0.1155E+06  0.7307E+05
  0.1976E-01  0.1150E+06  0.7360E+05
  0.1989E-01  0.1144E+06  0.7413E+05
  0.2002E-01  0.1139E+06  0.7465E+05
  0.2015E-01  0.1134E+06  0.7518E+05
  0.2029E-01  0.1128E+06  0.7571E+05
  0.2042E-01  0.1123E+06  0.7623E+05
  0.2055E-01  0.1118E+06  0.7676E+05
  0.2068E-01  0.1113E+06  0.7728E+05
  0.2082E-01  0.1107E+06  0.7781E+05
  0.2095E-01  0.1102E+06  0.7835E+05
  0.2108E-01  0.1097E+06  0.7887E+05
  0.2121E-01  0.1092E+06  0.7939E+05
  0.2135E-01  0.1086E+06  0.7993E+05
  0.2148E-01  0.1081E+06  0.8047E+05
  0.2161E-01  0.1076E+06  0.8100E+05
  0.2174E-01  0.1070E+06  0.8151E+05
  0.2188E-01  0.1065E+06  0.8204E+05
  0.2201E-01  0.1060E+06  0.8257E+05
  0.2214E-01  0.1055E+06  0.8308E+05
  0.2227E-01  0.1049E+06  0.8361E+05
  0.2241E-01  0.1044E+06  0.8413E+05
  0.2254E-01  0.1039E+06  0.8465E+05
  0.2267E-01  0.1034E+06  0.8518E+05
  0.2281E-01  0.1028E+06  0.8571E+05
  0.2294E-01  0.1023E+06  0.8622E+05
  0.2307E-01  0.1018E+06  0.8674E+05
  0.2320E-01  0.1013E+06  0.8725E+05
  0.2334E-01  0.1008E+06  0.8776E+05
  0.2347E-01  0.1003E+06  0.8828E+05
  0.2360E-01  0.9975E+05  0.8880E+05
  0.2373E-01  0.9923E+05  0.8931E+05
  0.2387E-01  0.9872E+05  0.8984E+05
  0.2400E-01  0.9819E+05  0.9036E+05
  0.2413E-01  0.9767E+05  0.9087E+05
  0.2426E-01  0.9717E+05  0.9137E+05
  0.2440E-01  0.9667E+05  0.9188E+05
  0.2453E-01  0.9616E+05  0.9239E+05
  0.2466E-01  0.9564E+05  0.9291E+05
  0.2479E-01  0.9512E+05  0.9342E+05
  0.2493E-01  0.9461E+05  0.9394E+05
  0.2506E-01  0.9409E+05  0.9446E+05
  0.2519E-01  0.9357E+05  0.9497E+05
  0.2532E-01  0.9306E+05  0.9548E+05
  0.2546E-01  0.9256E+05  0.9599E+05
  0.2559E-01  0.9204E+05  0.9650E+05
  0.2572E-01  0.9154E+05  0.9700E+05
  0.2585E-01  0.9103E+05  0.9752E+05
  0.2599E-01  0.9052E+05  0.9802E+05
  0.2612E-01  0.9001E+05  0.9853E+05
  0.2625E-01  0.8950E+05  0.9904E+05
  0.2639E-01  0.8900E+05  0.9954E+05
  0.2652E-01  0.8850E+05  0.1000E+06
  0.2665E-01  0.8800E+05  0.1005E+06
  0.2678E-01  0.8750E+05  0.1010E+06
  0.2692E-01  0.8700E+05  0.1015E+06
  0.2705E-01  0.8650E+05  0.1020E+06
  0.2718E-01  0.8599E+05  0.1026E+06
  0.2731E-01  0.8549E+05  0.1030E+06
  0.2745E-01  0.8500E+05  0.1035E+06
  0.2758E-01  0.8451E+05  0.1040E+06
  0.2771E-01  0.8402E+05  0.1045E+06
  0.2784E-01  0.8352E+05  0.1050E+06
  0.2798E-01  0.8303E+05  0.1055E+06
  0.2811E-01  0.8254E+05  0.1060E+06
  0.2824E-01  0.8205E+05  0.1065E+06
  0.2837E-01  0.8156E+05  0.1070E+06
  0.2851E-01  0.8106E+05  0.1075E+06
  0.2864E-01  0.8058E+05  0.1080E+06
  0.2877E-01  0.8010E+05  0.1084E+06
  0.2890E-01  0.7962E+05  0.1089E+06
  0.2904E-01  0.7914E+05  0.1094E+06
  0.2917E-01  0.7865E+05  0.1099E+06
  0.2930E-01  0.7817E+05  0.1104E+06
  0.2943E-01  0.7769E+05  0.1109E+06
  0.2957E-01  0.7720E+05  0.1113E+06
  0.2970E-01  0.7672E+05  0.1118E+06
  0.2983E-01  0.7624E+05  0.1123E+06
  0.2997E-01  0.7578E+05  0.1128E+06
  0.3010E-01  0.7531E+05  0.1132E+06
  0.3023E-01  0.7484E+05  0.1137E+06
  0.3036E-01  0.7437E+05  0.1142E+06
  0.3050E-01  0.7390E+05  0.1146E+06
  0.3063E-01  0.7343E+05  0.1151E+06
  0.3076E-01  0.7296E+05  0.1156E+06
  0.3089E-01  0.7250E+05  0.1160E+06
  0.3103E-01  0.7203E+05  0.1165E+06
  0.3116E-01  0.7157E+05  0.1170E+06
  0.3129E-01  0.7112E+05  0.1174E+06
  0.3142E-01  0.7066E+05  0.1179E+06
  0.3156E-01  0.7020E+05  0.1183E+06
  0.3169E-01  0.6974E+05  0.1188E+06
  0.3182E-01  0.6928E+05  0.1193E+06
  0.3195E-01  0.6881E+05  0.1197E+06
  0.3209E-01  0.6836E+05  0.1202E+06
  0.3222E-01  0.6791E+05  0.1206E+06
  0.3235E-01  0.6746E+05  0.1211E+06
  0.3248E-01  0.6702E+05  0.1215E+06
  0.3262E-01  0.6657E+05  0.1220E+06
  0.3275E-01  0.6612E+05  0.1224E+06
  0.3288E-01  0.6567E+05  0.1229E+06
  0.3301E-01  0.6522E+05  0.1233E+06
  0.3315E-01  0.6477E+05  0.1237E+06
  0.3328E-01  0.6433E+05  0.1242E+06
  0.3341E-01  0.6389E+05  0.1246E+06
  0.3354E-01  0.6345E+05  0.1251E+06
  0.3368E-01  0.6301E+05  0.1255E+06
  0.3381E-01  0.6257E+05  0.1259E+06
  0.3394E-01  0.6214E+05  0.1264E+06
  0.3408E-01  0.6170E+05  0.1268E+06
  0.3421E-01  0.6126E+05  0.1273E+06
  0.3434E-01  0.6083E+05  0.1277E+06
  0.3447E-01  0.6040E+05  0.1281E+06
  0.3461E-01  0.5997E+05  0.1285E+06
  0.3474E-01  0.5954E+05  0.1290E+06
  0.3487E-01  0.5912E+05  0.1294E+06
  0.3500E-01  0.5869E+05  0.1298E+06
  0.3514E-01  0.5827E+05  0.1302E+06
  0.3527E-01  0.5785E+05  0.1307E+06
  0.3540E-01  0.5742E+05  0.1311E+06
  0.3553E-01  0.5700E+05  0.1315E+06
  0.3567E-01  0.5659E+05  0.1319E+06
  0.3580E-01  0.5617E+05  0.1323E+06
  0.3593E-01  0.5576E+05  0.1327E+06
  0.3606E-01  0.5535E+05  0.1331E+06
  0.3620E-01  0.5494E+05  0.1336E+06
  0.3633E-01  0.5453E+05  0.1340E+06
  0.3646E-01  0.5412E+05  0.1344E+06
  0.3659E-01  0.5371E+05  0.1348E+06
  0.3673E-01  0.5330E+05  0.1352E+06
  0.3686E-01  0.5289E+05  0.1356E+06
  0.3699E-01  0.5249E+05  0.1360E+06
  0.3712E-01  0.5209E+05  0.1364E+06
  0.3726E-01  0.5169E+05  0.1368E+06
  0.3739E-01  0.5130E+05  0.1372E+06
  0.3752E-01  0.5090E+05  0.1376E+06
  0.3766E-01  0.5050E+05  0.1380E+06
  0.3779E-01  0.5010E+05  0.1384E+06
  0.3792E-01  0.4970E+05  0.1388E+06
  0.3805E-01  0.4931E+05  0.1392E+06
  0.3819E-01  0.4892E+05  0.1396E+06
  0.3832E-01  0.4853E+05  0.1400E+06
  0.3845E-01  0.4813E+05  0.1404E+06
  0.3858E-01  0.4774E+05  0.1407E+06
  0.3872E-01  0.4735E+05  0.1411E+06
  0.3885E-01  0.4696E+05  0.1415E+06
  0.3898E-01  0.4657E+05  0.1419E+06
  0.3911E-01  0.4619E+05  0.1423E+06
  0.3925E-01  0.4580E+05  0.1427E+06
  0.3938E-01  0.4541E+05  0.1431E+06
  0.3951E-01  0.4503E+05  0.1435E+06
  0.3964E-01  0.4465E+05  0.1438E+06
  0.3978E-01  0.4427E+05  0.1442E+06
  0.3991E-01  0.4389E+05  0.1446E+06
  0.4004E-01  0.4352E+05  0.1450E+06
  0.4017E-01  0.4314E+05  0.1453E+06
  0.4031E-01  0.4277E+05  0.1457E+06
  0.4044E-01  0.4239E+05  0.1461E+06
  0.4057E-01  0.4202E+05  0.1465E+06
  0.4070E-01  0.4164E+05  0.1468E+06
  0.4084E-01  0.4127E+05  0.1472E+06
  0.4097E-01  0.4090E+05  0.1476E+06
  0.4110E-01  0.4054E+05  0.1479E+06
  0.4124E-01  0.4018E+05  0.1483E+06
  0.4137E-01  0.3981E+05  0.1487E+06
  0.4150E-01  0.3945E+05  0.1490E+06
  0.4163E-01  0.3908E+05  0.1494E+06
  0.4177E-01  0.3872E+05  0.1497E+06
  0.4190E-01  0.3837E+05  0.1501E+06
  0.4203E-01  0.3801E+05  0.1505E+06
  0.4216E-01  0.3766E+05  0.1508E+06
  0.4230E-01  0.3730E+05  0.1512E+06
  0.4243E-01  0.3695E+05  0.1515E+06
  0.4256E-01  0.3660E+05  0.1519E+06
  0.4269E-01  0.3625E+05  0.1522E+06
  0.4283E-01  0.3590E+05  0.1526E+06
  0.4296E-01  0.3556E+05  0.1529E+06
  0.4309E-01  0.3521E+05  0.1532E+06
  0.4322E-01  0.3487E+05  0.1536E+06
  0.4336E-01  0.3452E+05  0.1539E+06
  0.4349E-01  0.3418E+05  0.1543E+06
  0.4362E-01  0.3384E+05  0.1546E+06
  0.4375E-01  0.3351E+05  0.1549E+06
  0.4389E-01  0.3317E+05  0.1553E+06
  0.4402E-01  0.3284E+05  0.1556E+06
  0.4415E-01  0.3251E+05  0.1559E+06
  0.4428E-01  0.3218E+05  0.1563E+06
  0.4442E-01  0.3184E+05  0.1566E+06
  0.4455E-01  0.3152E+05  0.1569E+06
  0.4468E-01  0.3119E+05  0.1573E+06
  0.4482E-01  0.3087E+05  0.1576E+06
  0.4495E-01  0.3054E+05  0.1579E+06
  0.4508E-01  0.3022E+05  0.1582E+06
  0.4521E-01  0.2990E+05  0.1585E+06
  0.4535E-01  0.2959E+05  0.1589E+06
  0.4548E-01  0.2927E+05  0.1592E+06
  0.4561E-01  0.2895E+05  0.1595E+06
  0.4574E-01  0.2864E+05  0.1598E+06
  0.4588E-01  0.2832E+05  0.1601E+06
  0.4601E-01  0.2801E+05  0.1604E+06
  0.4614E-01  0.2770E+05  0.1607E+06
  0.4627E-01  0.2739E+05  0.1611E+06
  0.4641E-01  0.2708E+05  0.1614E+06
  0.4654E-01  0.2677E+05  0.1617E+06
  0.4667E-01  0.2646E+05  0.1620E+06
  0.4680E-01  0.2615E+05  0.1623E+06
  0.4694E-01  0.2585E+05  0.1626E+06
  0.4707E-01  0.2555E+05  0.1629E+06
  0.4720E-01  0.2525E+05  0.1632E+06
  0.4733E-01  0.2495E+05  0.1635E+06
  0.4747E-01  0.2465E+05  0.1638E+06
  0.4760E-01  0.2435E+05  0.1641E+06
  0.4773E-01  0.2406E+05  0.1644E+06
  0.4786E-01  0.2376E+05  0.1647E+06
  0.4800E-01  0.2347E+05  0.1650E+06
  0.4813E-01  0.2318E+05  0.1652E+06
  0.4826E-01  0.2290E+05  0.1655E+06
  0.4839E-01  0.2261E+05  0.1658E+06
  0.4853E-01  0.2232E+05  0.1661E+06
  0.4866E-01  0.2204E+05  0.1664E+06
  0.4879E-01  0.2175E+05  0.1667E+06
  0.4893E-01  0.2147E+05  0.1670E+06
  0.4906E-01  0.2119E+05  0.1672E+06
  0.4919E-01  0.2091E+05  0.1675E+06
  0.4932E-01  0.2064E+05  0.1678E+06
  0.4946E-01  0.2036E+05  0.1681E+06
  0.4959E-01  0.2009E+05  0.1683E+06
  0.4972E-01  0.1982E+05  0.1686E+06
  0.4985E-01  0.1954E+05  0.1689E+06
  0.4999E-01  0.1928E+05  0.1691E+06
  0.5012E-01  0.1901E+05  0.1694E+06
  0.5025E-01  0.1874E+05  0.1697E+06
  0.5038E-01  0.1848E+05  0.1699E+06
  0.5052E-01  0.1822E+05  0.1702E+06
  0.5065E-01  0.1796E+05  0.1705E+06
  0.5078E-01  0.1769E+05  0.1707E+06
  0.5091E-01  0.1744E+05  0.1710E+06
  0.5105E-01  0.1718E+05  0.1712E+06
  0.5118E-01  0.1692E+05  0.1715E+06
  0.5131E-01  0.1667E+05  0.1717E+06
  0.5144E-01  0.1642E+05  0.1720E+06
  0.5158E-01  0.1618E+05  0.1722E+06
  0.5171E-01  0.1593E+05  0.1725E+06
  0.5184E-01  0.1568E+05  0.1727E+06
  0.5197E-01  0.1544E+05  0.1730E+06
  0.5211E-01  0.1520E+05  0.1732E+06
  0.5224E-01  0.1496E+05  0.1734E+06
  0.5237E-01  0.1472E+05  0.1737E+06
  0.5251E-01  0.1448E+05  0.1739E+06
  0.5264E-01  0.1425E+05  0.1742E+06
  0.5277E-01  0.1401E+05  0.1744E+06
  0.5290E-01  0.1379E+05  0.1746E+06
  0.5304E-01  0.1356E+05  0.1748E+06
  0.5317E-01  0.1333E+05  0.1751E+06
  0.5330E-01  0.1311E+05  0.1753E+06
  0.5343E-01  0.1288E+05  0.1755E+06
  0.5357E-01  0.1266E+05  0.1757E+06
  0.5370E-01  0.1244E+05  0.1759E+06
  0.5383E-01  0.1222E+05  0.1762E+06
  0.5396E-01  0.1201E+05  0.1764E+06
  0.5410E-01  0.1179E+05  0.1766E+06
  0.5423E-01  0.1158E+05  0.1768E+06
  0.5436E-01  0.1137E+05  0.1770E+06
  0.5449E-01  0.1116E+05  0.1772E+06
  0.5463E-01  0.1095E+05  0.1774E+06
  0.5476E-01  0.1075E+05  0.1776E+06
  0.5489E-01  0.1054E+05  0.1778E+06
  0.5502E-01  0.1034E+05  0.1780E+06
  0.5516E-01  0.1014E+05  0.1782E+06
  0.5529E-01  0.9948E+04  0.1784E+06
  0.5542E-01  0.9752E+04  0.1786E+06
  0.5555E-01  0.9563E+04  0.1788E+06
  0.5569E-01  0.9375E+04  0.1790E+06
  0.5582E-01  0.9187E+04  0.1792E+06
  0.5595E-01  0.9002E+04  0.1794E+06
  0.5609E-01  0.8821E+04  0.1795E+06
  0.5622E-01  0.8642E+04  0.1797E+06
  0.5635E-01  0.8466E+04  0.1799E+06
  0.5648E-01  0.8290E+04  0.1801E+06
  0.5662E-01  0.8118E+04  0.1802E+06
  0.5675E-01  0.7947E+04  0.1804E+06
  0.5688E-01  0.7779E+04  0.1806E+06
  0.5701E-01  0.7616E+04  0.1807E+06
  0.5715E-01  0.7449E+04  0.1809E+06
  0.5728E-01  0.7289E+04  0.1811E+06
  0.5741E-01  0.7127E+04  0.1812E+06
  0.5754E-01  0.6967E+04  0.1814E+06
  0.5768E-01  0.6815E+04  0.1815E+06
  0.5781E-01  0.6656E+04  0.1817E+06
  0.5794E-01  0.6507E+04  0.1818E+06
  0.5807E-01  0.6358E+04  0.1820E+06
  0.5821E-01  0.6206E+04  0.1821E+06
  0.5834E-01  0.6064E+04  0.1823E+06
  0.5847E-01  0.5915E+04  0.1824E+06
  0.5860E-01  0.5777E+04  0.1826E+06
  0.5874E-01  0.5638E+04  0.1827E+06
  0.5887E-01  0.5499E+04  0.1828E+06
  0.5900E-01  0.5366E+04  0.1830E+06
  0.5913E-01  0.5231E+04  0.1831E+06
  0.5927E-01  0.5101E+04  0.1832E+06
  0.5940E-01  0.4973E+04  0.1833E+06
  0.5953E-01  0.4847E+04  0.1835E+06
  0.5967E-01  0.4724E+04  0.1836E+06
  0.5980E-01  0.4603E+04  0.1837E+06
  0.5993E-01  0.4485E+04  0.1838E+06
  0.6006E-01  0.4370E+04  0.1839E+06
  0.6020E-01  0.4253E+04  0.1841E+06
  0.6033E-01  0.4144E+04  0.1842E+06
  0.6046E-01  0.4035E+04  0.1843E+06
  0.6059E-01  0.3930E+04  0.1844E+06
  0.6073E-01  0.3831E+04  0.1845E+06
  0.6086E-01  0.3727E+04  0.1846E+06
  0.6099E-01  0.3633E+04  0.1847E+06
  0.6112E-01  0.3539E+04  0.1848E+06
  0.6126E-01  0.3449E+04  0.1848E+06
  0.6139E-01  0.3363E+04  0.1849E+06
  0.6152E-01  0.3275E+04  0.1850E+06
  0.6165E-01  0.3196E+04  0.1851E+06
  0.6179E-01  0.3113E+04  0.1852E+06
  0.6192E-01  0.3038E+04  0.1853E+06
  0.6205E-01  0.2963E+04  0.1853E+06
  0.6218E-01  0.2891E+04  0.1854E+06
  0.6232E-01  0.2824E+04  0.1855E+06
  0.6245E-01  0.2753E+04  0.1855E+06
  0.6258E-01  0.2693E+04  0.1856E+06
  0.6271E-01  0.2628E+04  0.1857E+06
  0.6285E-01  0.2567E+04  0.1857E+06
  0.6298E-01  0.2511E+04  0.1858E+06
  0.6311E-01  0.2452E+04  0.1858E+06
  0.6324E-01  0.2403E+04  0.1859E+06
  0.6338E-01  0.2347E+04  0.1859E+06
  0.6351E-01  0.2300E+04  0.1860E+06
  0.6364E-01  0.2248E+04  0.1860E+06
  0.6378E-01  0.2204E+04  0.1861E+06
  0.6391E-01  0.2162E+04  0.1861E+06
  0.6404E-01  0.2115E+04  0.1861E+06
  0.6417E-01  0.2082E+04  0.1862E+06
  0.6431E-01  0.2040E+04  0.1862E+06
  0.6444E-01  0.2007E+04  0.1863E+06
  0.6457E-01  0.1974E+04  0.1863E+06
  0.6470E-01  0.1941E+04  0.1863E+06
  0.6484E-01  0.1913E+04  0.1863E+06
  0.6497E-01  0.1884E+04  0.1864E+06
  0.6510E-01  0.1860E+04  0.1864E+06
  0.6523E-01  0.1838E+04  0.1864E+06
  0.6537E-01  0.1820E+04  0.1864E+06
  0.6550E-01  0.1799E+04  0.1865E+06
  0.6563E-01  0.1788E+04  0.1865E+06
  0.6576E-01  0.1771E+04  0.1865E+06
  0.6590E-01  0.1761E+04  0.1865E+06
  0.6603E-01  0.1755E+04  0.1865E+06
  0.6616E-01  0.1745E+04  0.1865E+06
  0.6629E-01  0.1747E+04  0.1865E+06
  0.6643E-01  0.1739E+04  0.1865E+06
  0.6656E-01  0.1741E+04  0.1865E+06
  0.6669E-01  0.1745E+04  0.1865E+06
  0.6682E-01  0.1747E+04  0.1865E+06
  0.6696E-01  0.1757E+04  0.1865E+06
  0.6709E-01  0.1761E+04  0.1865E+06
  0.6722E-01  0.1771E+04  0.1865E+06
  0.6736E-01  0.1781E+04  0.1865E+06
  0.6749E-01  0.1790E+04  0.1864E+06
  0.6762E-01  0.1803E+04  0.1864E+06
  0.6775E-01  0.1811E+04  0.1864E+06
  0.6789E-01  0.1824E+04  0.1864E+06
  0.6802E-01  0.1831E+04  0.1864E+06
  0.6815E-01  0.1838E+04  0.1864E+06
  0.6828E-01  0.1848E+04  0.1864E+06
  0.6842E-01  0.1849E+04  0.1864E+06
  0.6855E-01  0.1855E+04  0.1864E+06
  0.6868E-01  0.1860E+04  0.1864E+06
  0.6881E-01  0.1857E+04  0.1864E+06
  0.6895E-01  0.1860E+04  0.1864E+06
  0.6908E-01  0.1863E+04  0.1864E+06
  0.6921E-01  0.1861E+04  0.1864E+06
  0.6934E-01  0.1862E+04  0.1864E+06
  0.6948E-01  0.1864E+04  0.1864E+06
  0.6961E-01  0.1859E+04  0.1864E+06
  0.6974E-01  0.1865E+04  0.1864E+06
  0.6987E-01  0.1859E+04  0.1864E+06
  0.7001E-01  0.1860E+04  0.1864E+06
  0.7014E-01  0.1859E+04  0.1864E+06
  0.7027E-01  0.1854E+04  0.1864E+06
  0.7040E-01  0.1855E+04  0.1864E+06
  0.7054E-01  0.1848E+04  0.1864E+06
  0.7067E-01  0.1848E+04  0.1864E+06
  0.7080E-01  0.1841E+04  0.1864E+06
  0.7094E-01  0.1838E+04  0.1864E+06
  0.7107E-01  0.1834E+04  0.1864E+06
  0.7120E-01  0.1824E+04  0.1864E+06
  0.7133E-01  0.1825E+04  0.1864E+06
  0.7147E-01  0.1815E+04  0.1864E+06
  0.7160E-01  0.1812E+04  0.1864E+06
  0.7173E-01  0.1806E+04  0.1864E+06
  0.7186E-01  0.1799E+04  0.1864E+06
  0.7200E-01  0.1797E+04  0.1865E+06
  0.7213E-01  0.1784E+04  0.1865E+06
  0.7226E-01  0.1784E+04  0.1865E+06
  0.7239E-01  0.1773E+04  0.1865E+06
  0.7253E-01  0.1768E+04  0.1865E+06
  0.7266E-01  0.1763E+04  0.1865E+06
  0.7279E-01  0.1754E+04  0.1865E+06
  0.7292E-01  0.1753E+04  0.1865E+06
  0.7306E-01  0.1744E+04  0.1865E+06
  0.7319E-01  0.1744E+04  0.1865E+06
  0.7332E-01  0.1738E+04  0.1865E+06
  0.7345E-01  0.1739E+04  0.1865E+06
  0.7359E-01  0.1735E+04  0.1865E+06
  0.7372E-01  0.1732E+04  0.1865E+06
  0.7385E-01  0.1736E+04  0.1865E+06
  0.7398E-01  0.1734E+04  0.1865E+06
  0.7412E-01  0.1741E+04  0.1865E+06
  0.7425E-01  0.1740E+04  0.1865E+06
  0.7438E-01  0.1747E+04  0.1865E+06
  0.7451E-01  0.1750E+04  0.1865E+06
  0.7465E-01  0.1756E+04  0.1865E+06
  0.7478E-01  0.1764E+04  0.1865E+06
  0.7491E-01  0.1766E+04  0.1865E+06
  0.7505E-01  0.1775E+04  0.1865E+06
  0.7518E-01  0.1779E+04  0.1865E+06
  0.7531E-01  0.1789E+04  0.1864E+06
  0.7544E-01  0.1788E+04  0.1864E+06
  0.7558E-01  0.1796E+04  0.1864E+06
  0.7571E-01  0.1804E+04  0.1864E+06
  0.7584E-01  0.1803E+04  0.1864E+06
  0.7597E-01  0.1813E+04  0.1864E+06
  0.7611E-01  0.1812E+04  0.1864E+06
  0.7624E-01  0.1822E+04  0.1864E+06
  0.7637E-01  0.1821E+04  0.1864E+06
  0.7650E-01  0.1825E+04  0.1864E+06
  0.7664E-01  0.1833E+04  0.1864E+06
  0.7677E-01  0.1831E+04  0.1864E+06
  0.7690E-01  0.1840E+04  0.1864E+06
  0.7703E-01  0.1841E+04  0.1864E+06
  0.7717E-01  0.1848E+04  0.1864E+06
  0.7730E-01  0.1850E+04  0.1864E+06
  0.7743E-01  0.1851E+04  0.1864E+06
  0.7756E-01  0.1857E+04  0.1864E+06
  0.7770E-01  0.1852E+04  0.1864E+06
  0.7783E-01  0.1859E+04  0.1864E+06
  0.7796E-01  0.1855E+04  0.1864E+06
  0.7809E-01  0.1853E+04  0.1864E+06
  0.7823E-01  0.1857E+04  0.1864E+06
  0.7836E-01  0.1848E+04  0.1864E+06
  0.7849E-01  0.1848E+04  0.1864E+06
  0.7863E-01  0.1840E+04  0.1864E+06
  0.7876E-01  0.1841E+04  0.1864E+06
  0.7889E-01  0.1832E+04  0.1864E+06
  0.7902E-01  0.1825E+04  0.1864E+06
  0.7916E-01  0.1825E+04  0.1864E+06
  0.7929E-01  0.1811E+04  0.1864E+06
  0.7942E-01  0.1808E+04  0.1864E+06
  0.7955E-01  0.1802E+04  0.1864E+06
  0.7969E-01  0.1795E+04  0.1864E+06
  0.7982E-01  0.1788E+04  0.1865E+06
  0.7995E-01  0.1781E+04  0.1865E+06
  0.8008E-01  0.1776E+04  0.1865E+06
